    年月       1日       2日       3日       4日       5日       6日       7日       8日       9日      10日      11日      12日      13日      14日      15日      16日      17日      18日      19日      20日      21日      22日      23日      24日      25日      26日      27日      28日      29日      30日      31日    月合計
  199001     .0000     .0103     .0098     .0094     .0090     .0086     .0083     .0079     .0076     .0073     .0070     .0067     .0064     .0061     .0059     .0056     .0054     .0052     .0049     .0047     .0045     .0043     .0042     .0040     .0038     .0037     .0035     .0034     .0032     .0031     .0030     .1767
  199002     .0028     .0027     .0026     .0025     .0024     .0023     .0022     .0021     .0020     .0019     .0018     .0018     .0017     .0016     .0016     .0015     .0014     .0014     .0013     .0013     .0012     .0011     .0011     .0011     .0010     .0010     .0022     .0036-9999.0000-9999.0000-9999.0000     .0510
  199003     .0129     .0173     .0165     .0299     .0447     .0481     .0461     .0442     .0423     .0405     .0388     .0372     .0356     .0341     .0327     .0313     .0300     .0287     .0991     .1648     .1578     .1512     .1449     .1388     .1330     .1274     .1220     .1169     .1120     .1073     .1028    2.2888
  199004     .0985     .0943     .0904     .0866     .0829     .0794     .0761     .0729     .0699     .0669     .1304     .8240     .2130     .6739    1.7874    3.9361    3.8325     .6143    5.3256    1.5697     .7888    4.6272     .9971     .8817     .8446     .8092     .7752     .7426     .7114     .6816-9999.0000   31.5841
  199005     .6529     .6255     .5992     .5741     .5500     .5269     .5047     .4835     .4632     .4438     .4251     .4073     .3902     .3738     .3581     .3430     .3286     .3148     .3016     .2889     .2768     .2652     .2540     .2434     .2332     .2234     .2140     .2050     .1964     .1881     .1802   11.4350
  199006     .1727    3.7264    4.1139    2.4314     .5721     .5604     .5535    5.4686    4.8264    3.8934     .8617     .8361     .8010     .7673     .7351     .7042     .6746     .8822     .7873     .7630     .7310     .7838   26.4217    1.2697     .8799     .8430     .8076     .7736    1.0740    1.9466-9999.0000   69.6622
  199007     .9695     .9245     .8856     .8484     .8128     .7787     .7460     .7146     .6846     .6559     .6283     .6019     .5766     .5643     .5511     .5293     .5070     .5462     .5526     .5294     .5550     .5835     .5672     .5455     .5264     .5043     .5200     .4981     .4772     .4572     .8181   19.6599
  199008    1.3002    2.0901   16.7917    1.7538     .9361     .8968     .8591     .8230     .7885     .7554     .7236     .6932     .6641     .6362     .6095     .5839     .5594     .5359   23.6037   19.7797    8.5112    2.1580    1.1440    1.0959    1.0571    1.0127     .9701     .9294     .8903    1.5213    1.3650   96.0390
  199009    1.1762    2.7803    1.6198    2.9129    1.4427    1.2591    3.0239    7.4713    3.8585    1.8514    1.4369    1.3800    1.3486    1.3199    1.2644    1.2113    1.1605    1.1117    1.0650    1.0203     .9774     .9364     .8971     .8594     .8233     .7887     .7556     .7239     .6935     .6643-9999.0000   47.8342
  199010     .6807     .6679     .7055     .6758     .6474     .6203     .5942     .5692     .5453     .5224     .5005     .4795     .4593     .4400     .4216     .4039     .3869     .3706     .3551     .3402     .3259     .3122     .2991     .2865     .2745     .2630     .2519     .2413     .2312     .2215     .2122   13.3056
  199011     .2033     .1947     .1866     .1787     .1712     .1640     .1571     .1505     .1442     .1382     .1324     .1268     .1215     .1164     .1115     .1068     .1023     .0980     .0939     .0900     .0862     .0826     .0791     .0758     .0726     .0695     .0666     .0638     .0611     .0586-9999.0000    3.5038
  199012     .0561     .0538     .0515     .0493     .0473     .0453     .0434     .0416     .0398     .0381     .0365     .0350     .0335     .0321     .0308     .0295     .0282     .0271     .0259     .0248     .0238     .0228     .0218     .0209     .0200     .0192     .0184     .0176     .0169     .0162     .0155     .9827
  199101     .0148     .0142     .0136     .0130     .0125     .0120     .0115     .0110     .0105     .0101     .0097     .0093     .0089     .0085     .0081     .0078     .0075     .0072     .0069     .0066     .0063     .0060     .0058     .0055     .0053     .0051     .0049     .0047     .0045     .0043     .0041     .2599
  199102     .0039     .0038     .0036     .0034     .0033     .0032     .0030     .0029     .0028     .0027     .0026     .0024     .0023     .0022     .0022     .0021     .0020     .0019     .0018     .0017     .0017     .0016     .0015     .0015     .0014     .0013     .0013     .0012-9999.0000-9999.0000-9999.0000     .0653
  199103     .0012     .0011     .0011     .0010     .0010     .0010     .0009     .0009     .0008     .0008     .0008     .0007     .0007     .0007     .0006     .0006     .0006     .0006     .0005     .0005     .0005     .0005     .0005     .0004     .0004     .0004     .0004     .0004     .0004     .0003     .0003     .0207
  199104     .0003     .0003     .0003     .0003     .0003     .0003     .0002     .0002     .0002     .0002     .0002     .0002     .0002     .0002     .0002     .0002     .0002     .0002     .0001     .0001     .0001     .0001     .0001     .0001     .0001     .0001     .0001     .0001     .0001     .0001-9999.0000     .0054
  199105    1.8007     .1168     .0848     .0812     .0778     .0745     .0714     .0684     .0655     .0628     .0602     .0576     .0552     .0529     .0507     .0485     .0465     .0445     .0427     .0409     .0392     .0375     .0359     .0344     .0330     .0316     .0303     .0290     .0278     .0266     .0255    3.3546
  199106     .0244     .0234     .0224     .0215     .0206     .0197     .0189     .0181     .0173     .0166     .0159     .0152     .0146     .0140     .0134     .0128     .0123     .0118     .0113     .0268    4.5824   13.1390   13.3475    7.0966    3.5979     .6612     .6334     .6068     .5813     .5652-9999.0000   45.1625
  199107     .5335     .5111     .4897     .4691     .4494     .4305     .4124     .3951     .3785     .3626     .3474     .3328     .3188     .3054     .3390     .3432     .3288     .8340     .3611     .3482     .3336     .3196     .3062     .2933     .2810     .2692     .2579    3.7038    8.0885   10.1675    1.2227   33.5339
  199108     .8303     .7955     .7621     .7301     .6994     .6700     .6419     .6149     .6316     .6716    1.3711     .7426     .7125     .6826     .6540     .6265     .6899     .7434     .7122     .6823     .6536     .6262     .5999     .5747     .6274     .6011     .5758     .9746     .6589     .6312     .6047   21.7924
  199109     .5793     .5550     .5317     .5093     .4879     .4675     .4478     .4290     .4114     .4382     .4198     .4021     .3853     .3691     .3536     .3387     .3245     .3109     .3162     .4008     .3840     .3679     .3524     .3376     .3234     .3099     .2968     .2844     .2724     .4180-9999.0000   11.8250
  199110     .4343     .7482     .4804     .4602     .4409     .4224     .4046     .3876     .3714     .3558     .3408     .3265     .3128     .2997     .2871     .2750     .2635     .2524     .2418     .2316     .2219     .2126     .2037     .1951     .1869     .1791     .1715     .1643     .1574     .1508     .1445    9.3249
  199111     .1384     .1326     .1270     .1217     .1166     .1117     .1070     .1025     .0982     .0941     .0901     .0863     .0827     .0792     .0759     .0727     .0697     .0667     .0639     .0613     .0587     .0562     .0539     .0516     .0494     .0474     .0454     .0435     .0416     .0399-9999.0000    2.3860
  199112     .0382     .0366     .0351     .0336     .0322     .0308     .0295     .0283     .0271     .0260     .0249     .0238     .0228     .0219     .0210     .0201     .0192     .0184     .0177     .0169     .0162     .0155     .0149     .0142     .0136     .0131     .0125     .0120     .0115     .0110     .0105     .6692
  199201     .0101     .0097     .0093     .0089     .0085     .0082     .0078     .0075     .0072     .0069     .0066     .0063     .0060     .0058     .0055     .0053     .0051     .0049     .0490     .0045     .0043     .0041     .0039     .0038     .0036     .0035     .0033     .0032     .0030     .0029     .0028     .2213
  199202     .0027     .0026     .0025     .0023     .0023     .0022     .0021     .0020     .0019     .0018     .0128     .3999     .1841     .6108     .2749     .2900     .2881     .2760     .3398     .3513     .3365     .3224     .3181     .3048     .2920     .2797     .2680     .2567     .2459-9999.0000-9999.0000    5.6741
  199203     .2356     .2257     .2162     .2071     .2925     .3636     .3721     .3564     .3415     .3271     .3134     .3002     .2876     .2755     .2640     .2529     .2423     .2321     .2223     .2130     .2040     .1955     .1873     .1794     .1719     .1646     .1577     .1511     .1448     .1387     .1329    7.3689
  199204     .1396     .3359     .2367     .2696     .2583     .2508     .2745     .2630     .4332     .4704    6.4469    3.7303     .6738     .6562     .6286     .6022     .5769     .5527     .7119     .7092    1.8626     .7509     .7332     .7187     .6885     .6596     .6319     .6054     .5800     .5556-9999.0000   26.0070
  199205     .5323     .5099     .4885     .4921     .4714     .4516     .4327     .4145     .3971     .4404     .4491     .4303     .4122     .3949     .3783     .3624     .4764     .5093     .5173     .4955     .4747     .5786     .4650     .4494     .4305     .4124     .3951     .3785     .3626     .3474     .3328   13.6831
  199206     .3589     .4284     .4104     .3932     .3767     .3608     .3457     .6699     .5260    1.4305     .5945     .5695     .5456     .5227     .6534     .5684     .5524     .5440    2.8088     .6228     .5967     .5716     .5476     .5246     .5026     .4815     .4612     .4419     .4233     .4055-9999.0000   18.2391
  199207     .3885     .3722     .3565    2.1510   13.8723   14.9789   11.1230    1.9349     .9583     .9181     .8795     .8433     .8072     .7733     .7408     .7097     .6799     .6513     .6728     .6445     .6175     .5915     .5667     .5450    1.1112     .7209     .6906     .6616     .6338     .6072     .5817   61.7839
  199208     .5885     .6024     .6564     .6465    2.0157     .7102     .7081     .8336     .7211     .7082     .6797     .7131     .7662     .7236     .6932     .6641     .6362     .6094     .5838     .5593     .5709     .6154     .6376     .7328    1.1748    1.8730     .9048     .8064    2.0323   48.5378    7.2613   79.9665
  199209    3.2638    1.1660    1.1277   12.8647    2.4198    1.2615    1.2449    1.2181    1.4252    2.4751    1.5103    1.2612    1.2274    1.1758    1.1337    1.0791    1.0338     .9904     .9599     .9195     .9251    5.1152    1.9314    1.1887    1.1388    1.0910    1.0451    1.0012     .9592     .9189-9999.0000   55.0725
  199210     .8803     .8433     .8079     .7740     .7415     .7103     .6805     .6519     .6245     .5983     .5732     .5491     .5260     .5039     .4828     .4625     .4431     .4245     .4066     .3896     .3732     .3575     .3425     .3281     .3143     .3011     .2885     .2764     .2648     .2536     .2430   15.4170
  199211     .2328     .2230     .2136     .2047     .1961     .1878     .1800     .1724     .1652     .1582     .1516     .1452     .1391     .1333     .1277     .1223     .1172     .1122     .1075     .1030     .0987     .0945     .0906     .0868     .0831     .0796     .0763     .0731     .0700     .0671-9999.0000    4.0126
  199212     .0643     .0616     .0590     .0565     .0541     .0519     .0497     .0476     .0456     .0437     .0418     .0401     .0384     .0368     .0352     .0338     .0323     .0310     .0297     .0284     .0272     .0261     .0250     .0240     .0229     .0220     .0211     .0202     .0193     .0185     .0177    1.1254
  199301     .0170     .0163     .0156     .0149     .0143     .0137     .0131     .0126     .0121     .0115     .0111     .0106     .0102     .0097     .0093     .0089     .0086     .0082     .0078     .0075     .0072     .0069     .0066     .0063     .0061     .0058     .0056     .0053     .0051     .0049     .0047     .2976
  199302     .0045     .0043     .0041     .0040     .0038     .0036     .0035     .0033     .0032     .0031     .0029     .0028     .0027     .0026     .0025     .0024     .0023     .0022     .0021     .0020     .0019     .0018     .0017     .0017     .0016     .0015     .0015     .0014-9999.0000-9999.0000-9999.0000     .0748
  199303     .0014     .0013     .0012     .0012     .0011     .0011     .0010     .0010     .0010     .0009     .0009     .0008     .0008     .0008     .0007     .2010     .0007     .0941     .0006     .0006     .0006     .0005     .0005     .0005     .0005     .0005     .0004     .0004     .0004     .0004     .0004     .3174
  199304     .0004     .0003     .0003     .0003     .0003     .0003     .0003     .0003     .0003     .0002     .0002     .0002     .0002     .0002     .0002     .0002     .0002     .0002     .0002     .0002     .0002     .0001     .0001     .0001     .0001     .0001     .0001     .0001     .0001     .0001-9999.0000     .0062
  199305     .1099     .0452    1.2244     .1691     .1620     .1552     .1487     .1424     .1364     .1307     .1252     .1200     .1149     .1101     .1055     .1010     .0968     .0927     .0888     .0851     .0815     .0781     .0748     .0717     .0687   10.4316    4.8382     .4808     .4606     .4412     .4227   20.9141
  199306    2.1222    3.4126    1.9425     .7694   10.2931    3.1483    1.8044     .9713    1.2675    1.1201    5.9056    1.1074    1.0710    1.0260     .9830    1.1522     .9147     .8975     .8598     .8237     .7891     .7559     .7242     .6938     .6646     .6367     .6100     .5844     .5598     .5363-9999.0000   48.1474
  199307     .5138     .4922     .4715     .4517     .4328     .4146     .3972     .3805     .3645     .3492     .3345     .3205     .3070     .2941     .6094     .3470     .3324     .3184     .3050     .2922     .2800     .2682     .2569     .2461     .2358     .2259     .2164     .2073     .1986     .5819     .2981   10.7438
  199308     .2856     .2736     .2621     .2511     .2406     .2305     .2208     .2123     .9945    2.2537     .7712     .5437     .5225     .7543     .5644     .5526     .5294     .5072     .4859     .4654     .4459     .4272     .4092     .3920     .3756     .3598     .3447     .3302     .3265     .3708     .3638   15.0671
  199309     .3485     .3338     .3198     .3064     .2935     .2812     .2694     .2581     .2472     .2368     .2269     .2174     .2082     .2058     .2200     .2152     .2061     .1975     .2084     .1997     .1913     .1833     .1756     .2269     .3063     .3451     .3306     .3167     .3034     .2906-9999.0000    7.6696
  199310     .2784     .2667     .2555     .2448     .2345     .2247     .2152     .2062     .1975     .1892     .1813     .1737     .1664     .1594     .1527     .1463     .1401     .1343     .1286     .1232     .1180     .1131     .1083     .1038     .0994     .0952     .0912     .0874     .0837     .0802     .0769    4.8763
  199311     .0736     .0705     .0676     .0647     .0620     .0594     .0569     .0545     .0522     .0500     .0479     .0459     .0440     .0422     .0404     .0387     .0371     .0355     .0340     .0326     .0312     .0299     .0286     .0274     .0263     .0252     .0241     .0231     .0221     .0212-9999.0000    1.2692
  199312     .0203     .0195     .0187     .0179     .0171     .0164     .0157     .0151     .0144     .0138     .0132     .0127     .0121     .0116     .0111     .0107     .0102     .0098     .0094     .0090     .0086     .0083     .0079     .0076     .0073     .0070     .0067     .0064     .0061     .0059     .0056     .3559
  199401     .0054     .0051     .0049     .0047     .0045     .0043     .0042     .0040     .0038     .0037     .0035     .0034     .0032     .0031     .0029     .0028     .0027     .0026     .0025     .0024     .0023     .0022     .0021     .0020     .0019     .0018     .0018     .0017     .0016     .0015     .0015     .0941
  199402     .0014     .0014     .0013     .0012     .0012     .0011     .0011     .0011     .0010     .0010     .0009     .0009     .0008     .0008     .0008     .0007     .0007     .0131    1.2797     .0725     .0700     .0670     .0642     .0615     .0589     .0565     .0541     .0518-9999.0000-9999.0000-9999.0000    1.8669
  199403     .0496     .0476     .0631     .0604     .0579     .0555     .0531     .0509     .0488     .0467     .0447     .0429     .0411     .0393     .0377     .0361     .0346     .0331     .0317     .0313     .0299     .0287     .0275     .0263     .0252     .0242     .0231     .0222     .0212     .0204     .0195    1.1743
  199404     .0187     .0179     .0171     .0164     .0157     .0151     .0144     .0138     .0133     .0127     .0122     .0117     .0112     .0107     .0102     .0098     .0094     .0090     .0086     .0083     .0079     .0076     .0073     .0070     .0067     .0064     .0061     .0059     .0056     .0054-9999.0000     .3220
  199405     .0052     .0049     .7100    7.5417     .2394     .2451     .2348     .2249     .2155     .2064     .1978     .2369     .2314     .2440     .2338     .2510     .2456     .5222     .3788     .3629     .3573     .3423     .3279     .3141     .3009     .2883     .2781     .6259     .4255    1.1169    8.6347   25.5443
  199406    2.2048     .9306     .7694     .7512    1.2149     .7737     .7496     .7267     .6962     .6670     .6390     .6121     .5864     .5618     .6025     .5772     .5585    1.6508     .6737    1.0581     .7109     .6810     .6524     .6250     .5988     .5736     .5495     .5265     .5043     .4832-9999.0000   22.9095
  199407     .4629     .4434     .4248     .4070     .3899     .3735     .3578     .3428     .3284    1.4831    9.7053     .5933     .5878     .5631     .7092    1.1550    1.0385     .7487    1.9574     .7630     .7470    2.1130    1.1837    2.5877    2.8001    1.2207    1.0188    1.6537    1.0181    1.0130    1.9139   40.1047
  199408    1.0373     .9947    5.5067    8.4910    1.1901    1.1452   10.2809    9.7000    6.9234    7.1358    8.1139    4.4024    3.2962    3.6879    2.5028    1.7276    2.3459    1.8431    1.6670    2.3052    1.6183    1.5599    1.5653    1.4734    1.4115    1.3522    1.2954    1.3950    1.3738    1.3621    1.3174  100.0213
  199409    1.6553    1.2868    1.2327    1.1809    1.1313    3.5064    2.6121    1.3183    1.2664    1.2132    1.1622    1.1134    1.0667    1.0219     .9898     .9482     .9631     .9292     .8901     .8527     .8169     .7826     .7498     .7183     .7083     .6786     .6501     .6228     .5966     .5715-9999.0000   33.2362
  199410     .5475     .5245     .5025     .4814     .4612     .4418     .4233     .4055     .6321     .9878     .5383     .5234     .5635     .5464     .5235     .5102     .4888     .4683     .4486     .4464     .4277     .4097     .3925     .3760     .3602     .3451     .3306     .3167     .3034     .2907     .2785   14.2963
  199411     .2668     .2556     .2448     .2346     .2247     .2153     .2062     .1976     .1893     .1813     .1737     .1664     .1594     .1527     .1463     .1402     .1343     .1286     .1232     .1181     .1131     .1083     .1038     .0994     .0953     .0913     .0874     .0838     .0802     .0769-9999.0000    4.5985
  199412     .0736     .0705     .0676     .0647     .0620     .0594     .0569     .0545     .0522     .0501     .0479     .0459     .0440     .0422     .0404     .0387     .0371     .0355     .0340     .0326     .0312     .0299     .0287     .0274     .0263     .0252     .0241     .0231     .0221     .0212     .0203    1.2897
  199501     .0195     .0187     .0179     .0171     .0164     .0157     .0151     .0144     .0138     .0132     .0127     .0121     .0116     .0111     .0107     .0102     .0098     .0094     .0090     .0086     .0083     .0079     .0076     .0073     .0070     .0067     .0064     .0061     .0059     .0056     .0054     .3410
  199502     .0051     .0049     .0047     .0045     .0043     .0042     .0040     .0038     .0037     .0035     .0034     .0032     .0031     .0029     .0028     .0027     .0026     .0025     .0024     .0023     .0022     .0021     .0020     .0019     .0018     .0018     .0017     .0016-9999.0000-9999.0000-9999.0000     .0857
  199503     .0015     .0015     .0014     .0014     .0013     .0012     .0012     .0011     .0011     .0011     .0010     .0010     .0009     .0009     .0008     .0008     .0008     .0007     .0007     .0007     .0007     .0006     .0006     .0006     .0006     .0005     .0005     .0005     .0005     .0004     .0004     .0271
  199504     .0488     .1475     .1203     .1153     .1105     .1058     .1014     .0971     .0930     .0891     .0854     .0818     .0784     .0751     .0719     .0689     .0660     .0632     .0606     .0580     .0556     .0533     .0510     .0489     .0468     .0449     .0430     .0412     .0394     .0378-9999.0000    2.1999
  199505     .0362     .0347     .0332     .0318     .0305     .0292     .0280     .0268     .0257     .0246     .0236     .0226     .0216     .0207     .0199     .1272    1.7039     .1089     .1306     .1495     .1529     .7363     .2199     .2280     .2359     .2260     .2165     .2074     .1987     .1904     .1824    5.4234
  199506     .1747     .1674     .1603     .1536     .1471     .1410     .1350   10.2891    8.9374     .6023    4.3834    1.1172     .7273    2.4993     .7852     .7522     .7206     .6903     .6613     .6336     .6070     .5815     .5570     .5336     .5112     .4898     .4692     .4495     .4306     .4125-9999.0000   38.9203
  199507     .3952     .3786     .7029    1.4544    1.2373     .5709     .5507     .6086     .5603    1.3396     .6119     .5862     .7597     .5970     .6870     .6170     .5910     .5662     .5424     .5197     .4978     .4769     .7072    2.4858     .7249     .7752     .7193     .6891     .6602     .8315    1.2440   23.6887
  199508     .7694    1.2807     .8190    3.4435     .8898     .8664     .8313     .7964     .7629     .7319     .7012     .6717     .6822     .7580    1.4673     .8133    1.1182     .8387     .8090    1.0296     .8237     .7891     .7567     .7419     .7281     .6975     .7502     .7187     .6885     .6596     .6319   28.0662
  199509     .6054     .5799     .5556     .5322     .5099     .4885     .4680     .4483     .4295     .4114     .3942     .3776     .3617     .3465     .3320     .3180     .3047     .2919     .2796     .2679     .2705     .3674     .3520     .3488     .3341     .3201     .3067     .2938     .2814     .2820-9999.0000   11.4596
  199510     .3742     .3585     .3434     .3290     .3152     .3020     .2893     .2771     .2655     .2543     .2437     .2334     .2663     .2551     .2444     .2341     .2243     .2149     .2058     .1972     .1889     .1810     .1734     .1661     .1591     .1524     .1460     .1399     .1340     .1284     .1230    7.1198
  199511     .1178     .1129     .1081     .1036     .0992     .0951     .0911     .0873     .0836     .0801     .0767     .0735     .0704     .0675     .0646     .0619     .0593     .0568     .0544     .0521     .0500     .0479     .0458     .0439     .0421     .0403     .0386     .0370     .0354     .0340-9999.0000    2.0311
  199512     .0325     .0312     .0299     .0286     .0274     .0262     .0251     .0241     .0231     .0221     .0212     .0203     .0194     .0186     .0178     .0171     .0164     .0157     .0150     .0144     .0138     .0132     .0127     .0121     .0116     .0111     .0107     .0102     .0098     .0094     .0090     .5696
  199601     .0086     .0082     .0079     .0076     .0072     .0069     .0066     .0064     .0061     .0058     .0056     .0054     .0051     .0049     .0047     .0045     .0043     .0041     .0040     .0038     .0036     .0035     .0033     .0032     .0031     .0029     .0028     .0027     .0026     .0025     .0024     .1506
  199602     .0023     .0022     .0021     .0020     .0019     .0018     .0018     .0017     .0016     .0015     .0015     .0014     .0014     .0013     .0012     .0012     .0011     .0011     .0011     .0010     .0010     .0009     .0009     .0008     .0008     .0008     .0007     .0007     .0007-9999.0000-9999.0000     .0386
  199603     .0007     .0006     .0006     .0006     .0006     .0005     .0005     .0005     .0005     .0004     .0004     .0004     .0004     .0004     .0004     .0003     .0003     .0003     .0003     .0003     .0003     .0003     .0003     .0002     .0002     .0002     .0002     .0002     .0002     .0002     .0002     .0115
  199604     .0002     .0002     .0002     .0002     .0001     .0001     .0001     .0001     .0001     .0001     .0001     .0001     .0001     .0001     .0001     .0001     .0001     .0001     .6201     .1265     .2272     .4634     .2536     .2430     .2328     .2230     .2136     .2046     .1960     .1878-9999.0000    3.1939
  199605     .1799     .1724     .1651     .1582     .2931    1.1472    4.3133    1.3010     .7444     .5800     .5556     .5347     .5206     .4987     .4778     .4577     .4385     .4201     .4024     .3855     .3770     .4401     .4223     .4688     .4491     .4303    1.6159     .6848    2.6095     .8301     .7552   22.8294
  199606     .7394     .7084     .6786     .6501     .6228     .5967     .5716     .5476     .5246     .5452     .5223     .5004     .4794     .4592     .4400     .4215     .4225     .4048     .3878     .3715     .3559     .3409     .4163     .4540     .4349     .4277     .4162     .4057     .3887     .3723-9999.0000   14.6070
  199607     .3567     .3417     .3274     .3136     .3437     .3309     .3170     .4723     .3992     .3824     .3663     .3510     .3362     .7252     .5232     .5909     .7131     .5784     .6660     .6009     .5807     .5681     .5618     .5841     .5645    1.6694     .6839     .6736     .6453    5.6184   54.4676   75.6535
  199608   11.3927    1.0265    3.9717    2.2095    2.0112    1.7643    2.2074    1.2691    1.7522    1.6730    1.4836    2.1770    3.4238    2.2801    2.8175    2.9673    1.5101    1.4467    1.3859    1.3277    1.2720    1.2185    1.1674    1.1541    1.1772    1.1288    1.0814    1.0360     .9925     .9508     .9109   62.1869
  199609     .8726     .8360     .8009     .7818     .7757     .8534     .8397     .8107     .7767     .7441     .7128     .6829     .6542     .6267     .6004     .5752     .5510     .5279     .5057     .4845     .4641     .4446     .4259     .4081     .3910     .3746     .3589     .3438     .3293     .3155-9999.0000   17.8685
  199610     .3023     .2896     .2774     .2658     .2641     .3141     .3009     .2883     .2761     .2645     .2534     .2428     .2501     .2396     .2296     .2199     .2107     .2018     .1934     .1932     .1923     .1842     .1908     .1827     .1751     .1677     .1607     .1539     .1475     .1413     .1353    6.9091
  199611     .1297     .1242     .1190     .1140     .1092     .1046     .1002     .0960     .0920     .0881     .0844     .0809     .0775     .0742     .0711     .0681     .0653     .0625     .0599     .0574     .0550     .0527     .0504     .0483     .0463     .0444     .0425     .0407     .0390     .0374-9999.0000    2.2348
  199612     .0358     .0343     .0328     .0315     .0301     .0289     .0277     .0265     .0254     .0243     .0233     .0223     .0214     .0205     .0196     .0188     .0180     .0173     .0165     .0158     .0152     .0145     .0139     .0133     .0128     .0122     .0117     .0112     .0108     .0103     .0099     .6268
  199701     .0095     .0091     .0087     .0083     .0080     .0076     .0073     .0070     .0067     .0064     .0062     .0059     .0057     .0054     .0052     .0050     .0048     .0046     .0044     .0042     .0040     .0038     .0037     .0035     .0034     .0032     .0031     .0030     .0028     .0027     .0026     .1657
  199702     .0025     .0024     .0023     .7031     .0353     .0339     .0324     .0311     .0298     .0285     .0273     .0262     .0251     .0240     .0230     .0220     .0211     .0202     .0194     .0186     .0178     .0170     .0163     .0156     .0150     .0144     .0138     .0132-9999.0000-9999.0000-9999.0000    1.2514
  199703     .0126     .0121     .0116     .0111     .0106     .0102     .0098     .0093     .0090     .0086     .0082     .0079     .0075     .0072     .0069     .0066     .0064     .0061     .0058     .0056     .0054     .1716    3.0179     .1456     .1486     .1423     .1364     .1306     .1251     .1199     .1148    4.4313
  199704     .1100     .1054     .1010     .0967     .0927     .0888     .0851     .0815     .0781     .0748     .0716     .0686     .0657     .0630     .0603     .0578     .0554     .0531     .0508     .0487     .0466     .0447     .0428     .0410     .0393     .0376     .0361     .0345     .0331     .0317-9999.0000    1.8965
  199705     .0304     .0291     .0279     .0267     .0256     .0552     .0235     .0225     .0215     .0206     .0198     .0189     .0181     .0174     .0167     .0160     .0153     .0146     .0140     .1052     .0443     .2562     .0900     .1154     .1364     .1307     .1252     .1199     .1149     .1100     .1054    1.8873
  199706     .1010     .0968     .1183     .1496    6.8533     .4049    1.1705     .8668     .5837    1.7211     .9473     .6590    1.5798    5.5915    2.7984     .9091     .8892     .8518     .8160     .7818     .7489    1.1335     .8908     .8691     .8326     .7977     .7891     .7321     .7013     .6719-9999.0000   36.0568
  199707    7.0799    9.4286    1.1317    1.1054    1.0591    1.0155     .9728     .9320     .9322     .8931     .8556     .8196     .7852     .7522     .7206    1.4517     .9105    2.2180    2.4230    1.0261     .9834     .9421     .9026     .8647     .8283     .7935     .7637     .7317     .7009     .6715     .6433   45.3385
  199708     .6355     .7060     .6764     .6480     .6207     .5947   13.1787   26.2551    7.2185    5.0247    1.6482    1.6630    1.3837    1.3255    1.2699    1.2183    1.1812    1.1330    1.1980    1.1477    1.1294    1.0834    1.0379     .9943     .9525     .9125     .8742     .8375     .8023    1.2833    4.3539   82.9880
  199709    1.0326     .9892     .9488    1.7192    1.8180   12.2722    1.1201    1.0731    1.0280     .9848     .9434     .9038     .8659     .8295     .7947     .7613     .7293     .6987     .6693     .6412     .6143     .5885     .5638     .5401     .5174     .4957     .4749     .4549     .4358     .4175-9999.0000   35.9258
  199710     .4000     .3832     .3671     .3517     .3369     .3227     .3092     .2962     .2838     .2718     .2604     .2495     .2390     .2290     .2194     .2101     .2013     .1929     .1848     .1770     .1696     .1624     .1556     .1491     .1428     .1368     .1311     .1256     .1203     .1152     .1104    7.0048
  199711     .1058     .1013     .0971     .0930     .0891     .0853     .0818     .0783     .0750     .0719     .0689     .0660     .0632     .0605     .0580     .0556     .0532     .0510     .0489     .0468     .0448     .0430     .0412     .0394     .0378     .0362     .0347     .0332     .0318     .0305-9999.0000    1.8232
  199712     .0292     .0280     .0268     .0257     .0246     .0236     .0226     .0216     .0207     .0198     .0190     .0182     .0174     .0167     .0160     .0153     .0147     .0141     .0135     .0129     .0124     .0119     .0114     .0109     .0104     .0100     .0096     .0092     .0088     .0084     .0081     .5113
  199801     .0077     .0074     .0071     .0068     .0065     .0062     .0060     .0057     .0055     .0052     .0050     .0048     .0046     .0829     .0823     .0049     .0039     .0037     .0036     .0034     .0033     .0031     .0030     .0029     .0028     .0026     .0025     .0024     .0023     .0022     .0021     .2926
  199802     .0020     .0020     .0019     .0018     .0017     .0088     .0554     .0531     .0508     .0487     .0466     .0447     .0428     .0410     .0393     .0376     .0361     .0345    2.2794     .9377     .3990     .3879     .7117     .4351     .4438     .4363    2.3451     .6063-9999.0000-9999.0000-9999.0000    9.5312
  199803     .6016     .5802     .5558    2.1244     .6041     .5835     .5590     .5355     .5130    2.3065    3.2518     .8991     .8613     .8728     .8288     .7952     .7618     .7298     .6991     .6698     .6416     .6147     .5889     .5641     .5404     .5177     .4960     .4752     .4552     .4361     .4178   25.0807
  199804     .4002     .3834     .3673     .3519     .3371     .3230     .3094     .2964     .2839     .2720     .2606     .2497     .3136     .2291     .2195     .2103     .2014     .1930     .1849     .2977     .3474     .3328     .3188     .3054    2.7954    4.3542     .9006     .6330     .6064     .5809-9999.0000   16.8596
  199805     .5565     .5332     .5108     .4893     .4918     .4712     .4514     .4324     .4143     .4012     .3844     .3682     .3527     .3379     .5081    1.7477     .8789     .6134    2.5797     .6739     .6477     .7312     .6607     .6329     .6063     .6171     .5965     .6198     .5937     .5688     .5806   20.0526
  199806    1.3662    1.8211    2.5282    3.5455    8.5530    4.4358   13.5420   10.2623    3.5153    1.4425    3.2205    1.4643    1.4028    1.3439    1.2874    1.2333    1.1815    1.1319    1.0844    1.0388     .9952     .9534     .9134     .8750     .8382     .8030     .7693     .7370     .7060     .6764-9999.0000   73.6677
  199807     .6480     .6208     .5947     .5697     .5458     .5229     .5009     .4799     .4597     .4404     .4219     .4042     .3872     .3710     .3554     .3404     .3261     .3124     .2993     .2868     .2747     .2632     .2521     .2415     .2314     .2217     .2124     .2034     .1949     .1867     .1789   11.3484
  199808     .1714     .1642     .1573   18.7765     .4684     .4750     .9896     .5158     .4941     .4769    1.2485     .8933     .8335     .6758     .6474     .6202     .6977     .9703     .7043     .6820     .6560     .7939     .8895     .7052     .6886     .6770     .6486     .6475     .6697     .6442     .6432   38.3253
  199809    1.0981    1.3428    1.3789     .9875    1.1325    1.4922     .9493    1.3814    1.6607    1.0175    1.2952    1.0177     .9749    1.2615     .9406     .9231     .8883     .8510     .8152     .7810     .7482     .7167     .6866     .6578     .6302     .6037     .5784     .5684     .6056     .5801-9999.0000   28.5648
  199810     .5558     .5324     .5101     .4886     .4681     .4485     .4368     .5292     .8338     .6191     .6174     .6026     .5773     .5530    3.9590    5.4447     .9208     .8921     .8546     .8187     .7843     .7514     .7198     .6896    1.2519     .8623     .9340     .8672     .8308     .7959     .7624   29.9122
  199811     .7304     .6997     .6704     .6422     .6152     .5894     .5646     .5409     .5182     .4964     .4756     .4556     .4365     .4181     .4006     .3838     .3676     .3522     .3374     .3232     .3097     .2967     .2842     .2723     .2608     .2499     .2394     .2293     .2197     .2105-9999.0000   12.5905
  199812     .2016     .1932     .1850     .1773     .1698     .1627     .1559     .1493     .1430     .1370     .1313     .1258     .1205     .1154     .1106     .1059     .1015     .0972     .0931     .0892     .2378     .1118     .0784     .0752     .0720     .0690     .0661     .0633     .0606     .0581     .0557    3.7133
  199901     .0533     .0511     .0489     .0469     .0449     .0430     .0412     .0395     .0378     .0362     .0347     .0333     .0319     .0305     .0292     .0280     .0268     .0257     .0246     .0236     .0226     .0217     .0207     .0199     .0190     .0182     .0175     .0167     .0160     .0154     .0147     .9338
  199902     .0141     .0135     .0129     .0124     .0119     .0114     .0109     .0104     .0100     .0096     .0092     .0088     .0084     .0081     .0077     .0074     .0071     .0068     .0065     .0062     .0060     .0057     .0055     .0053     .0050     .0048     .0046     .0044-9999.0000-9999.0000-9999.0000     .2347
  199903     .0042     .0041     .0039     .0037     .0036     .0034     .0033     .0031     .0030     .0029     .0028     .0026     .0025     .0024     .0023     .0022     .0021     .0020     .0020     .0019     .0018     .0017     .0016     .0016     .0015     .0015     .0014     .0013     .0013     .0012     .0012     .0743
  199904     .0011     .0011     .0010     .0010     .0009     .0009     .0009     .0008     .0008     .0008     .0007     .0007     .0007     .0006     .0006     .0006     .0006     .0005     .0005     .0005     .0005     .0005     .0004     .0004     .0004     .0004     .0004     .0004     .0003     .0003-9999.0000     .0193
  199905     .0003     .0003     .0003     .0003     .1095     .9635     .1298     .1453    2.1843     .2628     .2518     .2412     .2311     .2214     .2121     .2032     .1946     .1865     .1786     .1711     .1639     .1570     .1505     .1441     .1381     .1323    2.7659    1.3605     .5393     .4783     .4582   12.3759
  199906     .4390     .4205     .4029     .3925     .3760     .3602     .4232     .4458     .4507     .4318     .4136     .3963     .3796     .3637     .3484     .3338     .3197     .3063     .3230     .3946     .6178    1.2453     .5281     .5086     .4873     .4668     .4472     .4284     .4104     .3932-9999.0000   13.2548
  199907     .3767     .3881    2.4160    1.5874    1.2563     .7122     .9815    3.4807    1.6164     .9271    1.1638     .9363     .8969    1.8647    1.3805    1.1111    1.0553    1.0113    1.2005    2.2192    1.1529    1.0811    1.0357     .9922    1.8140    1.0370    7.4961    1.6997    1.1444    1.2397    1.3804   46.6549
  199908    1.1280    1.4032    2.7170    3.1442    1.3024    2.6281    9.1478   11.1763    7.1330    2.2041    7.4205    8.9660    2.0355    1.7495    1.6838    1.6131    1.5453    1.4804    1.4182    1.3587    1.3016    1.2469    1.1946    1.1462    1.1708    1.1272    1.1353    1.1163    1.0694    1.0245     .9814   83.7691
  199909     .9402     .9007     .8737     .8370     .8019     .7682     .7359     .7050     .6754     .6470     .6199     .5938     .5689     .5450     .5221     .5002     .4792     .5458     .6245     .5928     .5679     .5441     .5212     .4993     .5115     .6073     .6066     .9769     .6199     .5993-9999.0000   19.5313
  199910     .5741     .5952     .6326     .6061     .5806     .5562     .5329     .5698     .6002     .5750     .5509     .5277     .5056     .4843     .4640     .4445     .4258     .4080     .3908     .3744     .3587     .3436     .3292     .3154     .3021     .2894     .2773     .2656     .2545     .2438     .2335   13.6121
  199911     .2237     .2143     .2053     .1967     .1884     .1805     .1730     .1657     .1587     .1521     .1457     .1396     .1337     .1281     .1227     .1175     .1126     .1079     .1034     .0990     .0949     .0909     .0871     .0834     .0799     .0765     .0733     .0702     .0673     .0645-9999.0000    3.8566
  199912     .0618     .0592     .0567     .0543     .0520     .0498     .0477     .0457     .0438     .0420     .0402     .0385     .0369     .0354     .0339     .0324     .0574     .0421     .0410     .0273     .0262     .0251     .0240     .0230     .0221     .0211     .0202     .0194     .0186     .0178     .0170    1.1327
  200001     .0163     .0156     .0150     .0144     .0138     .0132     .0126     .0121     .0116     .0111     .0106     .0102     .0098     .0093     .0090     .0086     .0082     .0079     .0075     .0072     .0069     .0066     .0064     .0061     .0058     .0056     .0054     .0051     .0049     .0047     .0045     .2860
  200002     .0043     .0041     .0040     .0038     .0036     .0035     .0033     .0032     .0031     .0029     .0028     .0027     .0026     .0025     .0024     .0023     .0022     .0021     .0020     .0019     .0018     .0018     .0017     .0016     .0015     .0140     .0373     .0357     .0342-9999.0000-9999.0000     .1888
  200003     .0328     .0314     .0301     .0288     .0276     .0264     .0253     .0243     .0233     .0223     .0213     .0594     .1242     .1189     .1139     .1092     .1046     .1002     .0960     .0919     .0881     .0844     .0808     .0774     .0742     .0711     .0681     .0652     .0625     .0599     .0574    2.0009
  200004     .2327     .1391     .2979     .1927     .1846     .1768     .1694     .1623     .1555     .1490     .1427     .1367     .1310     .1255     .1202     .1151     .1103     .1057     .1012     .0970     .0929     .0890     .0853     .0817     .1333     .1277     .8761     .9576     .2834     .2817-9999.0000    6.0540
  200005     .6942     .4123     .3884     .3984     .3817     .3656     .3503     .3356     .3215     .3080     .2950     .2826     .2708     .2594     .2485     .2381     .2281     .2185     .2093     .2005     .1921     .1840     .1763     .1689     .1618     .1550     .2492     .2387     .2689     .2576     .2468    8.7061
  200006     .2364     .2265     .2170     .2079     .1991     .1908     .1828     .1751     .1750     .1742     .2922    5.4860    5.3373    1.0060     .6242     .8540     .6593     .8269     .7302     .8461     .7328     .7020     .6725     .6443     .6172     .5913     .5665     .5427     .5199     .4980-9999.0000   24.7341
  200007     .4771     .4571     .4482     .4294     .4785     .4721     .4523     .4408    3.5254     .6019     .5916     .5668     .5430     .5202     .4983     .6199    1.6456    1.0788     .7383     .7734     .7297    1.2581     .7635     .7314     .7007     .6713     .8708    2.3422    2.4563    1.7958     .9934   28.6717
  200008     .9770    1.2735    1.8009    2.3351    1.3343    1.1210    1.4116    1.1813    1.1197    1.0726    1.0543    1.6614    1.0774    1.0397    1.9869    1.0447    1.0009     .9588     .9186     .8800     .8430    5.9760   10.1324    1.6707    1.4672    1.6897    1.3660    1.3161    3.7584    1.3333    1.2773   56.0800
  200009    1.3927    1.2678    1.2170    1.1659    1.3111    1.5687    1.3468    1.2408    1.2160    1.1650    1.1160    1.0692    1.0243     .9812     .9400     .9005     .8627     .8265     .7918     .7585     .7267     .6961     .6669     .6389     .6121     .5864     .5617     .5381     .5155     .4939-9999.0000   28.1987
  200010     .4731     .4533     .4342     .4160     .3985     .3818     .3657     .3504     .3357     .3216     .3081     .2951     .2827     .2709     .2595     .2486     .2381     .2281     .2186     .2094     .2006     .1922     .1841     .1764     .1689     .1619     .1551     .1485     .1423     .1363    1.2756    9.4312
  200011     .2420     .2506     .2401     .3339     .2622     .2512     .2407     .2306     .2209     .2116     .2027     .1942     .1860     .1782     .1707     .1636     .1567     .1501     .1438     .1378     .1320     .1264     .1211     .1160     .1112     .1065     .1020     .0977     .0936     .0897-9999.0000    5.2641
  200012     .0859     .0823     .0789     .0756     .0724     .0693     .0664     .0636     .0610     .0584     .0560     .0536     .0514     .0492     .0471     .0452     .0433     .0414     .0397     .0380     .0364     .0349     .0334     .0320     .0307     .0294     .0282     .0270     .0258     .0248     .0237    1.5051
  200101     .0227     .0218     .0209     .0200     .0191     .0183     .0176     .0168     .0161     .0154     .0148     .0142     .0136     .0130     .0125     .0119     .0114     .0110     .0105     .0101     .0096     .0092     .0088     .0085     .0081     .0078     .1313     .0970     .0068     .0065     .0063     .6117
  200102     .0060     .0058     .0055     .0053     .0051     .0048     .0046     .0045     .0043     .0041     .0039     .0037     .0036     .0034     .0033     .0032     .0030     .0029     .0028     .0027     .0025     .0024     .0023     .0022     .0021     .0021     .0020     .0019-9999.0000-9999.0000-9999.0000     .1001
  200103     .0018     .0017     .0017     .0016     .0015     .0015     .0014     .0013     .0013     .0012     .0012     .0011     .0011     .0010     .0010     .0009     .0009     .0009     .0008     .0008     .0008     .0007     .0007     .0007     .0006     .0006     .0306     .0006     .0005     .0005     .0005     .0617
  200104     .0005     .0005     .0004     .0177     .1088     .1293     .1456     .1395     .1473     .1411     .2050     .2152     .2062     .1975     .1893     .1813     .1737     .1664     .1594     .1527     .1463     .1402     .1343     .1286     .1232     .1180     .1131     .1083     .1038     .0994-9999.0000    3.8928
  200105     .0953     .0913     .0874     .0837     .0802     .0769     .0736     .0705     .0676     .0647     .0620     .0594     .0569     .0545     .0522     .0500     .0479     .0459   10.3546    1.4282     .5043    1.4099     .4460     .4273     .4093     .9054     .8685    1.1771    4.0282   10.5593     .9377   34.6761
  200106    1.3725    1.4848    1.1152     .9451     .9755     .9073    1.3685    1.0025     .9377     .9576     .9045     .8665    1.9787    7.8849    1.0950    1.5935    1.1352    2.7193    2.1330    1.2201    1.1688    1.3017    2.0224    1.1620    1.1191    1.0769    1.0317     .9884     .9469     .9071-9999.0000   44.3224
  200107     .8690     .8325     .7975     .7640     .7320     .7012     .6718     .6435     .6901    1.8442    2.2545    1.0419     .8547     .8188    1.0509     .8033     .7885     .7572     .7293     .7015     .6720     .6438     .6471     .6199     .6058     .6817    1.9584     .7584   21.1386    7.4196     .9906   54.4823
  200108     .9490    1.2321     .9540     .9139     .8755     .8388     .8035     .7860     .7767     .8027    1.5925    1.9449     .9442     .9878     .9233    1.7182     .9335     .8943     .8567     .8207     .7863     .7532     .7216     .7101     .6957     .6664     .6826     .7571     .7201     .7043     .7480   28.4937
  200109    1.3113    1.2090     .8158    2.5194    3.2832    1.2370    1.8586    1.0291     .9859     .9445     .9048     .8668     .8304     .7955     .7621    1.6219   34.2532   20.2190    1.4657    1.2624    1.2276    1.1760    1.1267    1.0793    1.0340     .9906    2.2871    3.1348    5.1552    1.3249-9999.0000   96.7119
  200110    1.2820    1.2281    1.1766    1.1271    1.0798    1.0345     .9910     .9494     .9095     .8713     .8347     .7997     .7661     .7339     .7031     .6735     .6453     .6182     .5922     .5673     .5435     .5207     .4988     .4779     .4578     .4386     .4201     .4025     .3856     .3694     .3539   22.4519
  200111     .3390     .3248     .3111     .2981     .2855     .2736     .2621     .2511     .2405     .2304     .2207     .2115     .2026     .1941     .1859     .1781     .1706     .1635     .1566     .1500     .1437     .1377     .1319     .1264     .1211     .1160     .1111     .1064     .1020     .0977-9999.0000    5.8436
  200112     .0936     .0896     .0859     .0823     .0788     .0755     .0723     .0693     .0664     .0636     .0609     .0584     .0559     .0536     .0513     .0492     .0471     .0451     .0432     .0414     .0397     .0380     .0364     .0349     .0334     .0320     .0307     .0294     .0281     .0270     .0258    1.6389
  200201     .0247     .0237     .0227     .0218     .0208     .0200     .0191     .0183     .0176     .0168     .0161     .0154     .0148     .0142     .0136     .0130     .0125     .0119     .0114     .0110     .0105     .0101     .0096     .0092     .0088     .0085     .0546     .0078     .0074     .0071     .0068     .4799
  200202     .0065     .0063     .0060     .0058     .0055     .0053     .0051     .0048     .0046     .0044     .0043     .0041     .0039     .0037     .0036     .0034     .0033     .0032     .0030     .0029     .0028     .0027     .0025     .0024     .0023     .0022     .0021     .0021-9999.0000-9999.0000-9999.0000     .1089
  200203     .0020     .0019     .0018     .0017     .0017     .0016     .0015     .0015     .0014     .0013     .0013     .0012     .0012     .0011     .0011     .0010     .0010     .0009     .0009     .0009     .0008     .0008     .0008     .0007     .0007     .0007     .0006     .0006     .0006     .0006     .0005     .0345
  200204     .0005     .0005     .0005     .0005     .0004     .0004     .0004     .0004     .0004     .0004     .0003     .0003     .0003     .0003     .0003     .0003     .0003     .0003     .0002     .0002     .0002     .0002     .0002     .0002     .0002     .0002     .0002     .0002     .0002     .0001-9999.0000     .0090
  200205     .0001     .0001     .0001     .0001     .0001     .0001     .0001     .0001     .0001     .0001     .0001     .0001     .0001     .0001     .0001     .2027     .9214     .0001     .0001     .0316     .2390     .7038     .1998     .1912     .1832     .1755     .1681     .1611     .1820     .3120     .3170    3.9901
  200206     .3228    1.7823    1.0774     .6415     .5283     .5375    1.7236     .6224    1.2545     .6666    1.1619     .6991     .6697     .6416     .6146     .5888     .5641     .5404     .5177     .4959     .4751     .4552     .4360     .4177     .4002     .3834     .3673     .3519     .3371     .3229-9999.0000   19.5973
  200207     .3094     .2964    2.0945     .4107    1.4440    3.3784     .6063     .6271    4.9426    4.7036    2.2826     .9723     .8984     .8648     .8674    1.1358    4.1907    3.1142    1.0362     .9927     .9510     .9111     .8728     .8362     .8010     .7674     .7352     .7749    1.5523     .8294     .8039   45.0034
  200208     .7777     .7860     .7477    1.0070    6.5067    4.6770    1.2174    1.0663    1.0216     .9786    1.8746    2.1026    1.0428    1.0159    1.0119     .9847     .9605    1.0984    1.0231     .9981     .9599     .9196     .8809     .8439     .8085     .7745     .7420     .7108     .6810     .6524     .6250   39.4973
  200209     .5987     .5736     .5495     .5264     .5043     .4831     .4628     .4434     .4248     .4069     .3898     .3735     .3578     .3428     .3284     .4720     .3739     .3582     .3432     .3288     .3149     .3178     .3044     .2916     .3111     .3599     .3448     .3303     .3164     .3031-9999.0000   11.8364
  200210     .2904     .2782     .3123     .2992     .3336     .3196     .3061     .2933     .2810     .2692     .2579     .2470     .2367     .2267     .2172     .2081     .1993     .1910     .1829     .1753     .1679     .1608     .1541     .1476     .1414     .1355     .1298     .1243     .1191     .1141     .1093    6.6289
  200211     .1047     .1003     .0961     .0921     .0882     .0845     .0810     .0776     .0743     .0712     .0682     .0653     .0626     .0600     .0574     .0550     .0527     .0505     .0484     .0463     .0444     .0425     .0407     .0390     .0374     .0358     .0343     .0329     .0315     .0302-9999.0000    1.8052
  200212     .0289     .0277     .0265     .0254     .0243     .0233     .0223     .0214     .0205     .0196     .0188     .0180     .0173     .0165     .0159     .0152     .0146     .0139     .0134     .0669     .0188     .0117     .0112     .0108     .0103     .0464     .0121     .0091     .0087     .0083     .0080     .6060
  200301     .0076     .0073     .0070     .0067     .0064     .0062     .0059     .0057     .0054     .0052     .0050     .0048     .0046     .0044     .0042     .0040     .0038     .0037     .0035     .0034     .0032     .0031     .0030     .0028     .0027     .0026     .0025     .0024     .0023     .0022     .0021     .1339
  200302     .0020     .0019     .0019     .0018     .0017     .0016     .0016     .0015     .0014     .0014     .0013     .0013     .0012     .0012     .0011     .0011     .0010     .0010     .0009     .0009     .0009     .0008     .0008     .0008     .0007     .0007     .0007     .0006-9999.0000-9999.0000-9999.0000     .0337
  200303     .0006     .0006     .0006     .0005     .0005     .0005     .0005     .0005     .0004     .0004     .0004     .0004     .0004     .0003     .0003     .0003     .0003     .0003     .0003     .0003     .0003     .0002     .0002     .0002     .0002     .0002     .0002     .0002     .0002     .0002     .0002     .0106
  200304     .0002     .0002     .7430     .0410     .0590     .0600     .6630     .1317     .1340     .1813     .1787     .1712     .1640     .1571     .1505     .1442     .1382     .1324     .1268     .1215     .1164     .1115     .1068     .1023     .0980     .0939     .0900     .0862     .0826     .0791-9999.0000    4.4646
  200305     .0758     .0726     .0695     .0666     .0638     .0611     .0586     .0561     .0538     .0515     .0493     .0473     .0453     .0434     .0416     .0398     .2764     .5033     .1045     .1002     .0959     .0919     .0881     .0844     .0808     .0774     .0742     .0711     .0681     .0652     .0625    2.7399
  200306     .0599     .0573     .0549     .0526     .0504    1.6151   10.8653    1.4952    2.8483    1.4129    8.4547    6.1439    3.0187    1.0430     .9403     .9057    3.2337    1.0571     .9675    1.1178     .9549     .9148     .8854     .8482     .8126    1.3535     .9419     .9023     .8644     .8281-9999.0000   54.7003
  200307     .7933     .7600     .7281     .6975     .6682     .6401     .6132     .5875     .5628     .5755     .7549     .6132     .5874     .5628     .5391     .5165     .4948     .4740     .4541     .4350     .4168     .3993     .3825     .3664     .3510     .3363     .3222     .3086     .2957     .2833     .2714   15.7915
  200308     .2600     .2490     .4093     .3091     .3016     .2948     .2824     .2706     .2616     .2506     .2440     .3390     .3248     .3315    2.3451    1.2151     .5358     .5133     .4987     .5976     .5780     .5445     .5298     .6251     .7754     .8973     .6492     .6375     .6107     .5850     .5605   16.8268
  200309     .5369     .5972     .5966     .5715     .5475     .5245     .5025     .4814     .4612     .4418     .4232     .4055     .3884     .3721     .3565     .3415     .3272     .3134     .3003     .2876     .2756    1.7035    1.2123     .5671     .5739     .7395     .8340     .6538     .6264     .6001-9999.0000   16.5628
  200310     .5749     .5507     .5276     .5054     .4842     .4639     .4444     .4257     .4078     .3907     .3743     .4280     .4139     .7333     .4775     .4575     .4382     .4198     .4022     .3853     .3691     .3536     .3388     .3245     .3109     .2979     .2853     .2734     .2619     .2509     .2403   12.6121
  200311     .2302     .2206     .2113     .2024     .1939     .1858     .1780     .1705     .1634     .1565     .1499     .1436     .1376     .1318     .1263     .1210     .1159     .1110     .1064     .1019     .0976     .0935     .0896     .0858     .0822     .0788     .0755     .0723     .0693     .0663-9999.0000    3.9689
  200312     .0636     .0609     .0583     .0559     .0535     .0513     .0491     .0471     .0451     .0432     .0414     .0396     .0380     .0364     .0349     .0334     .0320     .0306     .0294     .0281     .0269     .0258     .0247     .0237     .0227     .0217     .0208     .0200     .0191     .0183     .0175    1.1131
  200401     .0168     .0161     .0154     .0148     .0142     .0136     .0130     .0124     .0119     .0114     .0109     .0105     .0100     .0096     .0092     .0088     .0085     .0081     .0078     .0074     .0071     .0068     .0065     .0063     .0060     .0057     .0055     .0053     .0051     .0048     .0046     .2943
  200402     .0044     .0043     .0041     .0039     .0037     .0036     .0034     .0033     .0032     .0030     .0029     .0028     .0027     .0025     .0024     .0023     .0022     .0021     .0021     .0020     .0019     .0018     .0017     .0017     .0016     .0015     .0015     .0014     .0013-9999.0000-9999.0000     .0753
  200403     .0013     .0012     .0012     .0011     .0011     .0010     .0010     .0009     .0009     .0009     .0008     .0008     .0008     .0007     .0007     .0007     .0006     .0006     .0006     .0006     .0005     .0005     .0005     .0005     .0005     .0004     .0004     .0004     .0004     .0004     .0004     .0224
  200404     .0003     .0003     .0074     .0003     .0003     .0003     .0003     .0003     .0002     .0002     .0002     .0002     .0002     .0002     .0002     .0002     .0002     .0002     .0002     .0001     .0001     .0001     .0001     .0001     .0001     .0001     .0001     .0001     .0001     .0001-9999.0000     .0130
  200405     .0001     .0001     .0001     .0001     .0001     .0001     .0001     .0001     .0001     .0001     .0001     .0001     .0001     .0001     .0001     .0000     .0000     .0000     .0000     .0903    2.6504     .7139    2.3709     .2153     .2371     .2499     .2394     .2294     .2198     .2442     .2466    7.7085
  200406     .2362     .2263     .2168     .2077     .2623     .2649     .2930     .3332     .3354     .3215     .5034     .4090     .4017     .3848     .3686     .3532     .3383     .3241     .3105     .2975     .2850     .3242     .3118     .2987     .2861     .2741     .2626     .2516     .2410     .2309-9999.0000    9.1544
  200407    1.1143   50.2233   23.7705   12.6679    1.9106     .9163     .8778     .9730     .8437     .8662     .8095     .7755     .7429     .7117     .6818     .6532     .6258     .6626     .6993     .6736     .6453     .6182     .5922     .5717     .5944     .5695     .5455    1.3539     .7026     .8315     .7324  108.9569
  200408     .7016     .7089     .6669     .6904     .6614     .6336     .6070     .5815     .5571     .5337     .5112     .5112     .6293     .6219     .5976     .5725     .5485     .5255     .5034     .5768     .8337     .6350    7.4956   18.2846    9.5081     .9816     .9516     .9300    3.4345     .9860     .9705   56.9512
  200409     .9489     .9090     .8708     .8343     .7992     .7657     .9347     .9546     .9225    3.9661    1.2922    1.0260    1.0523    1.0910    1.0088     .9741     .9355     .9173     .8788     .8419     .8065     .7726     .7402     .7091     .6793     .6508     .6235     .5973     .5722     .5482-9999.0000   28.6235
  200410     .5251     .5031     .4820     .4617     .4423     .4237     .4059     .3889     .3726     .3569     .3419     .3276     .3138     .3006     .2880     .2759     .2643     .2532     .2426     .2324     .2226     .2133     .2043     .1957     .1875     .1796     .1721     .1649     .1579     .1513     .1450    9.1969
  200411     .1389     .1330     .1274     .1221     .1170     .1121     .1073     .1028     .0985     .0944     .0904     .0866     .0830     .0795     .0762     .0730     .0699     .0670     .0641     .0615     .0589     .0564     .0540     .0518     .0496     .0475     .0455     .0436     .0418     .0400-9999.0000    2.3937
  200412     .0383     .0367     .8969     .0348     .0323     .0309     .0296     .0284     .0272     .0261     .0250     .0239     .0229     .0219     .0210     .0201     .0193     .0185     .0177     .0170     .0163     .0156     .0149     .0143     .0137     .0131     .0126     .0120     .0115     .0110     .0106    1.5342
  200501     .0101     .0097     .0093     .0089     .0085     .0082     .0078     .0075     .0072     .0069     .0066     .0063     .0061     .0058     .0056     .0053     .0051     .0049     .0047     .0045     .0043     .0041     .0039     .0038     .0036     .0035     .0033     .0032     .0030     .0029     .0028     .1775
  200502     .0027     .0026     .0025     .0024     .0023     .0022     .0021     .0020     .0019     .0018     .0017     .0017     .0016     .0015     .0015     .0014     .0013     .0635     .0336     .0280     .0225     .0227     .0217     .0208     .0698     .1213     .1266     .1213-9999.0000-9999.0000-9999.0000     .6848
  200503     .1289     .1386     .1665     .1679     .1871     .1988     .1905     .1825     .1748     .1675     .1604     .1537     .2069     .2030     .1945     .1863     .1785     .1710     .1638     .1569     .1504     .1440     .1380     .1322     .1266     .1213     .1162     .1113     .1067     .2817     .4993    5.4062
  200504     .2917     .2973     .2849     .2729     .2614     .2505     .2399     .2299     .2202     .2110     .2021     .1936     .1855     .1777     .1702     .1631     .1562     .1497     .1434     .1374     .1316     .1261     .1208     .1157     .1108     .1062     .1017     .0974     .0934     .0894-9999.0000    5.3314
  200505     .0857     .0821     .0786     .0753     .0722     .0691     .0695     .0667    3.6638     .4796     .3471    6.7862    4.3126     .5983     .5844     .5598     .5363     .5138     .4922     .5432     .5274     .5052     .4840     .4637     .4519     .4334     .7825    1.6170    1.2311     .7119    3.1713   30.3958
  200506     .7813    1.2067    5.8577    2.5996     .9741     .9439     .9043     .8663     .8299     .7950     .7647    5.3905   12.5501   22.3781   17.1117    6.2051    1.4855    1.4489    1.3880    1.3297    1.4675    1.2612    1.3301    2.1347    1.3441    1.2876    1.8743    1.6737    1.2777    1.2240-9999.0000  100.6860
  200507    1.1726    1.1234    1.0762    1.0310     .9877     .9462     .9065     .8684     .8319     .7970     .7635     .7315     .7007     .6713     .6431     .6161    2.3737   39.2202   32.8102   12.3372    1.1414    1.1764    1.5381    1.1539    1.1219    1.0852    1.0396     .9959     .9541     .9252     .8863  112.6265
  200508     .8491     .8134     .7793    5.1479    9.1022    6.1214    1.2982    1.2436    1.1914    1.1414    1.0934    1.0475    1.0614    1.0168     .9741     .9738    1.7163    2.2274    1.0662    3.5738    1.3217    1.1230    1.2802    1.0917    1.9390    2.2188    1.1490    1.1007    1.0545    1.0102   28.8052   84.5327
  200509   10.4087    1.4286    1.3248    1.2692    1.2159    1.1648    1.1159    1.0690    1.0241     .9811     .9399     .9004     .8626     .8264     .7917     .7584     .7266     .6961     .6668     .6388     .6120     .5863     .5617     .5381     .5155     .5391     .5492     .5352     .5127     .4912-9999.0000   34.2508
  200510    2.0726    3.9609     .6790     .6812     .6803     .6517     .6243     .5981     .5730     .5489     .5259     .5038     .4826     .4624     .4429     .4243     .4065     .3894     .3731     .3574     .3424     .3280     .3142     .3010     .2884     .2763     .2647     .2536     .2429     .2327     .2229   18.5054
  200511     .2136     .2046     .1960     .1878     .1799     .1723     .1651     .1582     .1515     .1452     .1391     .1332     .1276     .1223     .1171     .1122     .1075     .1030     .0987     .0945     .0905     .0867     .0831     .0796     .0763     .0731     .0700     .0671     .0642     .0615-9999.0000    3.6814
  200512     .0590     .0565     .0541     .0518     .0497     .0476     .0456     .0437     .0418     .0401     .0384     .0368     .0352     .0337     .0323     .0310     .0297     .0284     .0272     .0261     .0250     .0239     .0229     .0220     .0211     .0202     .0193     .0185     .0177     .0170     .0163    1.0325
  200601     .0156     .0149     .0143     .0137     .0131     .0126     .0121     .0115     .0111     .0106     .0102     .0097     .0093     .0089     .0085     .0082     .0078     .0075     .0072     .0069     .0066     .0063     .0061     .0058     .0056     .0053     .0051     .0049     .0047     .0045     .0043     .2730
  200602     .0041     .0039     .0038     .0036     .0035     .0033     .0032     .0031     .0029     .0028     .0027     .0026     .0025     .0024     .0023     .0022     .0021     .0020     .0019     .0018     .0017     .0017     .0016     .0015     .0015     .0014     .0014     .0013-9999.0000-9999.0000-9999.0000     .0686
  200603     .0012     .0012     .0011     .0011     .0010     .0010     .0010     .0009     .0009     .0008     .0008     .0008     .0007     .0007     .0007     .0007     .0006     .0006     .0006     .0005     .0005     .0005     .0005     .0005     .0976     .0004     .0201     .0119     .0114     .0109     .0105     .1819
  200604     .0100     .0096     .0092     .0088     .0085     .0081     .0078     .0074     .0071     .0068     .0065     .0063     .0060     .0067    2.2405     .1519     .1687     .1617     .1549     .1484     .1421     .1362     .1304     .1250     .1197     .1147     .2784     .2584     .2649     .2538-9999.0000    4.9586
  200605     .2431     .3022     .2633     .3178     .3079     .2950     .2826     .2707     .2593     .2485     .2380     .2280     .2184     .2400     .2299     .4767    2.1651    1.4799     .5149     .4933     .4726     .5209    2.7886     .7874     .6107     .6010     .5758    4.4385    1.8916     .9398     .8181   23.5196
  200606    1.4329   10.2061    2.0187    1.0117    1.4365    1.5908    1.1786   21.4766   38.5573    9.2549    2.4028    1.4620    1.4419    1.4055    1.3465    1.2899    1.2358    1.1839    1.2778    1.3182    1.2623    1.2200    1.1828    1.1331    1.0855    1.0676    1.0362    1.0613    1.0168     .9741-9999.0000  113.5679
  200607     .9331     .9080     .9197     .9550     .9377     .8983     .8606    8.4908    9.9452    1.2203    1.2043    1.1808   21.3528   24.6006    7.4872    1.9031    1.5067    3.3106    1.5139    1.4532    1.4026    1.3403    1.2902    1.9248    6.6834    1.4841    1.4501    1.3892    1.3345    1.2785    1.2248  112.3846
  200608    1.1734    1.1241    1.4200    1.9865    1.5053    1.3603    1.3948    4.3375    1.3668    1.3094    1.2544    1.2017    1.1512    1.1029    1.0565    1.0122     .9697     .9289     .9220     .9256     .9256     .9773     .9442     .9045     .9083    1.6210    1.2310     .9984     .9655     .9249     .8867   38.7904
  200609     .8488     .8503     .8752    1.0584     .9241     .9041    2.0710    2.1636    1.1252    1.0147     .9854    1.1447    1.2609    1.0172    1.4980    1.0405    1.0091     .9750     .9340     .8948     .8572     .8619     .8268     .8978     .8601     .8240     .7893     .7562     .7244     .6940-9999.0000   30.6868
  200610     .6649     .6369     .6102     .5846     .5600     .5365     .5140     .4924     .4717     .4519     .4329     .4147     .3973     .3806     .3646     .3493     .3346     .3206     .3071     .2942     .2819     .2700     .2587     .2478     .2374     .2274     .2179     .2087     .2000     .1916     .1835   11.6439
  200611     .1758     .1684     .1614     .1546     .1481     .1419     .1359     .1302     .1247     .1195     .1145     .1097     .1051     .1006     .0964     .0924     .0885     .0848     .0812     .0778     .0745     .0714     .0684     .0655     .0628     .0601     .0576     .0552     .0529     .0507-9999.0000    3.0306
  200612     .0485     .0465     .0445     .0427     .0409     .0392     .0375     .0359     .0344     .0330     .0316     .0303     .0290     .0278     .0266     .0255     .0244     .0234     .0224     .0215     .0206     .0197     .0189     .0181     .0173     .0166     .0159     .0152     .0146     .0140     .0134     .8499
  200701     .0128     .0123     .0118     .0113     .0108     .0104     .0099     .0095     .0091     .0087     .0084     .0080     .0077     .0073     .0070     .0067     .0065     .0062    1.4048     .0510     .0489     .0469     .0449     .0430     .0412     .0395     .0378     .0362     .0347     .0332     .0318    2.0583
  200702     .0305     .0292     .0280     .0268     .0257     .0246     .0236     .0226     .0216     .0207     .0199     .0190     .0182     .0175     .0167     .0160     .0154     .0147     .0141     .0135     .0129     .0124     .0119     .0114     .0109     .0104     .0100     .0096-9999.0000-9999.0000-9999.0000     .5079
  200703     .0092     .0088     .0084     .0081     .0077     .0074     .0071     .0068     .0065     .0062     .0060     .0057     .0055     .0053     .0050     .0048     .0046     .0044     .0042     .0041     .0039     .0037     .0036     .0034     .0033     .0031     .0030     .0029     .0028     .0026     .0025     .1607
  200704     .0024     .0023     .0022     .0021     .0020     .0020     .0019     .0018     .0017     .0016     .0016     .0015     .0014     .0014     .0013     .0013     .0012     .0012     .0011     .0011     .0010     .0010     .1822     .0549     .1111     .1064     .1020     .0977     .0936     .0896-9999.0000     .8728
  200705     .0859     .0823     .0788     .0755     .0723     .0693     .0664     .0636     .0609     .0584     .0559     .0536     .0513     .0492     .0471     .0451     .0432     .0414     .0648    6.1219     .4959     .4721     .6560     .3879     .3716     .3560     .3411     .3267     .3462     .3321     .4105   11.7831
  200706     .3999     .3928     .3763     .4406     .5420    1.0165    2.2621    5.7476    5.2432     .9924     .9217    3.9634    1.0392    1.0031    1.0979     .9633     .9266     .8877     .8504     .8801     .8956     .8580     .8539     .8216     .7895     .8178     .7927     .7595     .7276     .6970-9999.0000   37.9601
  200707     .6677     .6397     .6452     .7181     .6879     .6590     .6313     .6048     .5794     .6089     .5833     .5588     .5354     .5129     .4913     .5082     .4923     .4950     .4743     .4543     .4353     .4170     .3995     .3827     .3666     .3512     .3365     .3223     .3182     .3600     .3957   15.6328
  200708     .3790     .3631     .6689     .8416     .6111     .5443     .5825     .5536     .7155     .9665    4.8506    9.1313   16.0282    1.4767    1.0379     .9943     .9579   19.6656   20.8474   14.1536    2.7162    1.4564    1.4823    1.3682    1.3274    1.2716    1.2182    1.1944    1.3305    1.7068    1.6165  112.0584
  200709    1.8349    1.3237    1.2776    2.4062    1.2834    1.9894    1.4604    1.3500    1.2974    1.4995    1.2730    1.4220    1.3467    1.2539    1.2012    1.1507    1.1024    7.3593    2.2978    1.4119    1.4254    1.3624    1.3052    2.2245    1.5291    1.3180    1.2627    1.2096    1.1588    1.1101-9999.0000   49.4475
  200710    1.0635    1.0189     .9761     .9351     .8958   23.0312   20.4435    1.5715    1.5077    1.4444    1.4030    1.3645    1.3345    1.2821    1.2384    1.1864    1.1366    1.0888    1.0431     .9993     .9573     .9171     .8786     .8417     .8063     .7725     .7400     .7089     .6792     .6506     .6233   73.5397
  200711     .5971     .5721     .5480     .5250     .5030     .4818     .4616     .4422     .4236     .4058     .3888     .3725     .3568     .3418     .3275     .3137     .3006     .2879     .2758     .2643     .2532     .2425     .2323     .2226     .2132     .2043     .1957     .1875     .1796     .1721-9999.0000   10.2930
  200712     .1648     .1579     .1513     .1449     .1388     .1330     .1274     .1221     .1169     .1120     .1073     .1028     .0985     .0944     .0904     .0866     .0830     .0795     .0761     .0729     .0699     .0669     .0641     .0614     .0589     .0564     .0540     .0517     .0496     .0475     .0455    2.8867
  200801     .0436     .0418     .0400     .0383     .0367     .0352     .0337     .0323     .0309     .0296     .0284     .0272     .0260     .0250     .0239     .0229     .0219     .0210     .0201     .0193     .0185     .0177     .0170     .0162     .0156     .0149     .0143     .0137     .0131     .0126     .0120     .7634
  200802     .0115     .0110     .0106     .0101     .0097     .0093     .0089     .0085     .0082     .0078     .0075     .0072     .0069     .0066     .0063     .0061     .0058     .0056     .0053     .0051     .0049     .0047     .0045     .0043     .0041     .0039     .0038     .0036     .0035-9999.0000-9999.0000     .1954
  200803     .0033     .0032     .0030     .0029     .0028     .0027     .0026     .0025     .0024     .0023     .0022     .0021     .0020     .0019     .0018     .0017     .0017     .0016     .0015     .0015     .0014     .0013     .0013     .0012     .0012     .0011     .0011     .0010     .0010     .0010     .0009     .0582
  200804     .0009     .0008     .0008     .0008     .0007     .0007     .0007     .0007     .0006     .0006     .0006     .0005     .0005     .0005     .0005     .0078     .0011     .0439     .0421     .0403    1.0393     .1502     .1439     .1379     .1321     .1265     .1212     .1161     .1112     .1066-9999.0000    2.3301
  200805     .1021     .0978     .0937     .0898     .0860     .1189     .1358     .1301     .1246     .1194     .1144     .1096     .1050     .1005     .0963     .0923     .0884     .0847     .0811     .0777     .0745     .2324     .1497     .1434     .2524     .2491     .2159     .2068     .3066    1.2071    3.0095    8.0954
  200806     .4749    1.2204    2.6704    2.9679    3.2032     .8259     .8067     .7798     .7640     .7320     .7012     .6743     .7231    4.2503    1.0140    2.7397     .9961     .9572     .9170     .8785     .8416     .8063     .7724     .7400     .7089     .6791     .6506     .9673     .8573     .7607-9999.0000   36.0808
  200807     .7288     .6982     .6688     .6407     .6138     .5881     .6321    1.9012    3.0734    2.0712    1.1018     .9404     .9177     .8854    1.0697     .8786   13.5702   39.2381    5.8756    1.3090    1.2540    1.2014    1.1509    1.1026    1.0563    1.0119     .9694   15.9147   11.5382    1.5015    1.4384  115.5422
  200808    1.3780    1.3201    1.2647    1.2115    1.1607    1.5640    1.7932    1.3186    1.2829    1.5485    1.2618    1.2088    1.1848    1.1907    1.3398    1.1856    1.1379    1.0902    1.0444    1.0289     .9857     .9443     .9047     .8667     .8303     .7954     .7620     .7300     .6993     .6700     .6418   34.3451
  200809     .6149     .5890     .5643     .5406     .5871    1.4823     .6704    1.3627     .7302     .7045     .7608    2.1848   13.1639   41.8341    8.8712    1.1510    1.1096    2.3840    1.1744    1.1139    1.0671    1.0223     .9793     .9382     .8988     .9156     .9311   12.5926   34.1890    1.2528-9999.0000  136.3806
  200810    1.2230    1.1716    1.1241    1.0762    1.0408    1.0823    1.2166    1.1178    1.0709    1.2446    1.0230     .9800     .9399     .9004     .8626     .8264     .7917     .7629     .7956     .7622     .7302     .6995     .6702     .6420     .6150     .5892     .5645     .5408     .5180     .4963     .4754   26.5540
  200811     .4555     .4363     .4180     .4005     .3836     .3675     .3521     .3373     .3231     .3096     .2966     .2841     .2722     .2607     .2498     .2393     .2293     .2196     .2104     .2016     .1931     .1850     .1772     .1698     .1626     .1558     .1493     .1430     .1370     .1312-9999.0000    7.8512
  200812     .1257     .1204     .1154     .1105     .1059     .1015     .0972     .0931     .0892     .0855     .0819     .0784     .0751     .0720     .0690     .0661     .0633     .0606     .0581     .0556     .0533     .0511     .0489     .0469     .0449     .0430     .0412     .0395     .0378     .0362     .0347    2.2019
  200901     .0332     .0319     .0305     .0292     .0280     .0268     .0257     .0246     .0236     .0226     .0216     .0207     .0199     .0190     .0182     .0175     .0167     .0160     .0154     .0147     .0141     .0135     .0129     .0124     .0119     .0114     .0109     .0104     .0100     .0096     .0092     .5823
  200902     .0088     .0084     .0081     .0077     .0074     .0071     .0068     .0065     .0062     .0060     .0057     .0055     .0053     .0050     .0048     .0046     .0044     .0042     .0041     .0039     .0037     .0036     .0034     .0033     .0031     .0030     .0029     .0028-9999.0000-9999.0000-9999.0000     .1464
  200903     .0026     .0025     .0024     .0023     .0022     .5187     .1067     .0020     .0019     .0018     .0017     .0016     .0016-9999.0000-9999.0000-9999.0000-9999.0000-9999.0000-9999.0000-9999.0000-9999.0000-9999.0000-9999.0000-9999.0000-9999.0000-9999.0000-9999.0000-9999.0000-9999.0000-9999.0000-9999.0000     .6482
