1.549737105
0.970670216
0.788669551
0.736340765
0.969807654
1.164746755
0.63714609
0.44623228
0.384415308
0.2737198
0.209890183
0.211327787
0.502873877
0.969232612
1.138294842
0.938180366
0.688037271
0.461758403
0.415755075
0.559227953
0.271707155
0.45370782
0.37435208
0.322598336
0.282920466
0.376939767
0.33496173
0.506899168
0.458883195
0.533638602
0.517824958
0.426680865
0.428693511
0.461470882
0.433006323
0.661585358
1.185160732
0.849048918
0.550602329
0.516387354
0.746403993
0.69465025
0.492235607
0.365726456
0.322023295
0.360551082
0.347037604
0.269406988
0.246980366
0.212190349
0.199251913
0.259631281
0.444794676
1.09804193
0.651234609
0.414317471
0.3456
0.268256905
0.211615308
0.274007321
0.174812646
0.227428952
0.317710483
0.290971048
0.204427288
0.207877537
0.181425624
0.159861564
0.161586689
0.16934975
0.155261231
0.109257903
0.11529584
0.08999401
0.149223295
0.18343827
0.267969384
0.793269884
0.462908486
0.468946423
0.290396007
1.236051913
0.584817304
0.776881198
1.013223295
0.665610649
0.50028619
0.375789684
0.334099168
0.250718136
0.250430616
0.233754409
0.347325125
0.667335774
1.337834276
2.429550749
0.917478869
0.690624958
0.649797005
0.577916805
0.47153411
0.445082196
0.359113478
0.361701165
0.337549418
0.267969384
0.227141431
0.258768719
0.235767055
0.238354742
0.260493844
0.236629617
0.705000998
1.110692845
0.592005324
0.455720466
0.376939767
0.342724792
0.250718136
0.219378369
0.19091381
0.413454908
0.28809584
0.315122795
1.337546755
1.201261897
0.632833278
0.602068552
0.416905158
0.347325125
0.322598336
0.306497171
0.260781364
0.236629617
0.224841265
0.25215574
0.229729118
0.638583694
2.016383361
1.061239268
0.555777704
0.57964193
0.357100832
0.637433611
0.688899834
0.663310483
0.440481864
0.359688519
1.194936439
3.304189018
2.877795674
1.937027621
1.328633611
1.146920466
0.94335574
0.875500832
0.493960732
0.4174802
0.440194343
0.366876539
0.321735774
0.468658902
1.04743827
0.579929451
0.304484526
0.289820965
0.329211314
0.243242596
0.23030416
0.350775374
0.181138103
0.209315141
0.180850582
0.189476206
0.18717604
0.142322795
0.202414642
0.214490516
0.265956739
0.189763727
0.188613644
0.353938103
0.6262203
0.578204326
0.294708819
0.233466889
0.217078203
0.182000666
0.166474542
0.150660899
0.155261231
0.09718203
0.138009983
0.121908819
0.110120466
0.11155807
0.271419634
0.481597338
0.260206323
0.184588353
0.16934975
0.186600998
0.230016639
0.182288186
0.160149085
0.125359068
0.150948419
0.215353078
10.7771421
6.052025291
7.4953797
5.072154409
2.33265624
3.281474875
1.561525458
0.930129784
0.705288519
0.633120799
0.509486855
0.362276206
0.328061231
0.281195341
0.289245923
0.276882529
0.219953411
0.195801664
0.256756073
0.294421298
0.238067221
0.184875874
0.201264559
0.193213977
0.17653777
0.232029285
0.242667554
0.589705158
1.636855907
0.813396339
0.426968386
1.525872879
0.77026822
0.48964792
0.435018968
0.306784692
0.335536772
0.367451581
0.342724792
1.87204792
0.962907155
0.768830616
1.396488519
5.117007654
13.95597205
14.37891514
12.06638536
4.328625624
1.482744759
0.894189684
0.675673877
0.528750749
1.066702163
1.077627953
1.696660233
1.133119468
1.194073877
1.193211314
0.78838203
0.58309218
0.465496173
0.350775374
0.332374043
2.222535774
1.436741431
2.730872546
2.784638935
1.903100166
1.039387687
0.720239601
0.6552599
0.684299501
0.722827288
0.717939434
0.612419301
0.521562729
1.734325458
2.31482995
1.301894176
0.87492579
0.729152745
0.669923461
0.521562729
0.494535774
0.497410982
0.903102829
0.690912479
0.522712812
0.407704493
0.306497171
0.299884193
0.281482862
0.263944093
0.195801664
0.192638935
0.170212313
0.138585025
0.112133111
0.155548752
0.225991348
0.108395341
0.162449251
0.171649917
0.234329451
0.789244592
0.789532113
0.565840932
0.545139434
0.620469884
1.249852912
0.948818636
0.67337371
0.5902802
0.894477205
0.657847587
0.578491847
0.478147088
2.324318136
4.161863561
8.054607654
4.160425957
2.114427953
1.157271215
0.836110483
0.517537438
0.488497837
0.389590682
0.222253577
0.242092512
0.187751082
0.196664226
0.235767055
0.187463561
0.162449251
0.128521797
0.204714809
0.123633943
0.133409651
0.522712812
0.379527454
0.200114476
0.264806656
0.284645591
0.919779035
2.334093844
1.835245258
1.49395807
1.3105198
0.832372712
1.139732446
1.649794343
1.091428952
1.122481198
1.154108486
0.79183228
0.657847587
1.043125458
2.765087521
2.082800666
1.671933444
1.27084193
1.192061231
0.994821963
1.374924459
3.023281198
2.626214975
1.110692845
0.735190682
0.642896506
0.82087188
1.912588353
1.494245591
1.032487188
0.923229285
0.756467221
0.810808652
1.676821298
2.074750083
2.097751747
3.656977038
1.734900499
1.033924792
0.743241265
3.140014642
2.183145424
1.489357737
2.195221298
1.816843927
1.412877205
0.991946755
0.843873544
0.700975707
0.72368985
0.872050582
0.891026955
0.663310483
0.630533111
0.772568386
0.610119135
0.435881531
0.410867221
0.386715474
0.27343228
0.281482862
0.260493844
0.275444925
0.328636273
0.395341098
0.418055241
0.477859567
0.358825957
0.625070216
1.31397005
1.822594343
2.099476872
3.296138436
2.092863894
1.405689185
1.189473544
1.592002662
1.654969717
1.093154077
0.719377038
0.597180699
0.415180033
0.389878203
0.299596672
0.281195341
0.29528386
0.249280532
0.294421298
0.542839268
0.378664892
0.365726456
0.564690849
0.630820632
0.43185624
0.459170715
0.349625291
0.354800666
0.452270216
0.325186023
0.329786356
0.306784692
0.25934376
0.229729118
0.263369052
0.211327787
0.175675208
0.208165058
0.15842396
0.134272213
0.11155807
0.091144093
0.188038602
0.127946755
0.160149085
0.1728
0.254168386
0.256181032
0.258193677
1.529610649
6.729424293
3.912007987
1.556062562
1.838983028
1.414314809
1.084815973
3.041682529
3.705568053
4.971234609
2.409424293
1.581651913
1.132544426
0.844161065
0.692925125
0.605518802
0.460608319
0.434156406
0.360838602
0.41402995
0.427830948
0.416617637
0.382115141
0.379527454
0.570153744
0.49683594
0.347037604
0.330361398
0.286083195
0.224266223
0.225991348
0.200401997
0.305059567
0.330361398
7.098025957
1.604366057
0.873200666
0.578491847
0.50028619
0.44997005
0.717651913
0.851061564
1.389300499
1.074177704
2.119028286
1.167909484
0.730302829
4.415169384
1.974405324
1.306206988
1.264228952
0.841573378
0.78838203
0.816846589
0.623345092
2.70355807
2.309079534
1.401376373
0.913741098
0.631108153
0.561815641
0.448532446
0.366876539
0.315697837
0.377802329
0.257618636
0.289820965
0.31684792
3.148640266
19.20552679
4.467785691
1.624492512
1.001722463
0.639158735
0.573028952
0.480447255
0.361413644
0.33841198
0.279470216
0.289820965
0.218228286
0.206727454
0.225128785
0.265094176
0.173375042
1.147207987
2.665030283
0.879813644
0.628232945
0.468658902
0.445082196
0.294133777
0.372626955
0.317422962
0.332949085
0.298159068
0.212765391
0.328061231
0.178262895
0.19436406
0.217940765
0.266819301
0.239217304
0.184875874
0.20528985
0.403391681
0.494535774
0.320010649
0.290971048
0.463483527
0.322023295
0.421505491
0.271707155
0.254743428
0.221966057
0.178837937
0.215640599
0.2377797
0.135134775
0.119033611
0.193789018
0.200114476
0.199251913
0.205577371
1.036512479
5.429542762
24.59797937
3.143464892
1.456867887
0.87837604
0.702700832
0.500861231
0.513224626
0.451120133
1.285793012
1.453705158
3.711893511
23.37371581
3.356230283
4.232306156
1.658707488
8.290087188
4.10407188
1.813968719
2.236049251
15.15953411
18.14601265
8.835514143
2.585674542
1.200686855
0.684587022
0.473546755
0.434443927
0.398503827
0.449682529
0.299309151
0.405691847
0.383840266
0.337549418
0.267106822
0.192351414
0.152386023
0.202127121
0.944218303
0.973832945
1.010348087
0.601781032
0.425243261
0.332374043
1.051463561
1.791829617
1.279467554
1.286943095
1.257040932
0.751866889
0.598618303
0.419205324
0.367739101
0.271132113
0.259918802
0.26279401
0.271994676
0.361413644
0.386427953
0.359400998
0.303909484
0.220240932
0.223978702
0.264519135
0.194076539
0.218228286
0.205577371
0.264519135
0.367739101
0.287233278
0.23030416
0.213340433
0.182288186
0.394191015
0.4534203
0.422368053
0.420930449
0.602356073
0.372051913
0.318573045
0.267106822
0.418055241
0.354513145
0.518975042
0.801895507
0.764805324
0.535938769
0.499711148
0.398791348
0.3456
0.26653178
0.255318469
0.242092512
0.194076539
0.24841797
0.718226955
0.426968386
0.401379035
0.287520799
0.423230616
1.541686522
2.22109817
2.292115807
2.629090183
1.384125125
0.90367787
0.649509484
0.495110815
0.44997005
0.564115807
1.094879201
0.731452912
0.519550083
0.443069551
0.304484526
0.352212978
0.297008985
0.322885857
0.325473544
0.410004659
0.397641265
0.486197671
0.54370183
0.325473544
0.35652579
0.194939101
0.257331115
0.184875874
0.120758735
0.192926456
0.179125458
0.12967188
0.159861564
0.118458569
0.10063228
0.132834609
0.042265557
0.119321131
0.138872546
0.117308486
0.131109484
0.149223295
0.151810982
0.282345424
0.28435807
0.211327787
0.248130449
0.260206323
0.230591681
1.076765391
1.074177704
0.67308619
0.522425291
0.347325125
0.385565391
0.330361398
0.323460899
0.24841797
0.184013311
0.17653777
0.228579035
0.466933777
0.980158403
3.644038602
4.912292845
3.903094842
2.039097504
1.633980699
1.221388353
0.851349085
0.710463894
0.570153744
0.48591015
0.401666556
0.372914476
0.292121131
0.286945757
0.292408652
0.349912812
0.447094842
0.411729784
0.606956406
0.523575374
0.607818968
0.681136772
1.023574043
1.09804193
0.707301165
0.575329118
0.320873211
0.333236606
0.267969384
0.325473544
0.354513145
0.229154077
0.168199667
0.264519135
0.28435807
0.201264559
0.286370715
0.177112812
0.179700499
0.182000666
0.222828619
0.17998802
0.113570715
0.116445923
0.092006656
0.149223295
0.25905624
0.271132113
0.241804992
0.289820965
0.264806656
0.213340433
0.18343827
0.159574043
0.517824958
0.326048586
0.451120133
0.347325125
0.270557072
0.262506489
0.318860566
0.47527188
1.235764393
0.869462895
0.81713411
0.608969052
0.368601664
0.372051913
0.428118469
0.450832612
0.299596672
0.301321797
0.299021631
0.29528386
0.257043594
0.216790682
0.200689517
0.145773045
0.148648253
0.147210649
0.100344759
0.202989684
0.106670216
0.161586689
0.03248985
0.103507488
0.122771381
0.107532779
0.083093511
0.096031947
0.110695507
0.128234276
0.445944759
0.984183694
1.959166722
1.019548752
0.658422629
0.502586356
0.420067887
0.458020632
0.319435607
0.275444925
0.212190349
0.222541098
0.217078203
0.313685191
0.275732446
0.37090183
0.254743428
0.154111148
0.186888519
0.170787354
0.203852246
0.177112812
0.195801664
0.137434942
0.078493178
0.168487188
0.125646589
0.152098502
0.161299168
0.19436406
0.121046256
0.125646589
0.129959401
0.048591015
0.132259567
0.104082529
0.113283195
0.188901165
0.2446802
0.156123794
0.139735108
0.123346423
0.193501498
0.123346423
0.092006656
0.129959401
0.108395341
0.113283195
0.135422296
0.211615308
0.535076206
0.57964193
1.475269218
1.225988686
3.229721131
2.219373045
1.82863228
1.033637271
0.707588686
0.452270216
0.438469218
0.35652579
0.264231614
0.238929784
0.391028286
0.475846922
0.255030948
0.223403661
0.202414642
0.202414642
0.150948419
0.184875874
0.161011647
0.176825291
0.166474542
0.175387687
0.136572379
0.121046256
0.123633943
0.232604326
0.523862895
0.385852912
0.181138103
0.155836273
0.166474542
0.14031015
0.135997338
0.142322795
0.145485524
0.12248386
0.112708153
0.203852246
0.639158735
0.374927121
0.182575707
0.124496506
0.167049584
0.119321131
0.177400333
0.135997338
0.123058902
0.170787354
0.456583028
0.3456
0.233754409
0.215353078
0.104657571
0.11529584
0.110407987
0.924379368
3.415747088
1.194648918
0.656409983
0.439906822
0.314260233
0.344162396
0.263944093
0.570441265
0.660147754
0.3815401
0.259631281
0.261356406
0.50747421
0.2806203
0.259631281
0.232029285
0.202702163
0.189476206
0.120183694
0.164749418
0.13312213
0.149510815
0.207302496
0.181713145
0.125646589
0.12593411
0.504886522
0.321160732
0.32403594
2.499418303
3.972099834
9.676224958
5.003436938
1.450254908
0.949681198
1.089991348
4.351339767
1.941052912
3.071297171
5.307921464
3.804187687
3.51724193
5.012062562
3.54973178
5.818558403
2.618451913
1.285505491
1.452555075
2.796714809
1.469806323
0.935592679
0.648934443
0.474409318
0.466358735
0.332949085
0.293846256
0.238354742
0.190338769
0.228291514
0.378952413
0.260493844
0.356813311
0.233179368
0.249568053
0.340999667
0.537088852
0.935592679
0.675673877
0.335249251
0.425243261
0.693212646
2.26422629
10.57242729
5.09055574
2.947088186
1.55893777
0.815408985
0.534788686
0.540539101
0.355088186
0.362276206
0.28090782
0.260206323
0.304484526
0.265669218
0.366013977
0.328348752
0.243242596
0.779756406
0.786944426
0.68774975
0.375214642
0.379814975
0.421505491
0.655547421
0.568141098
0.402529118
0.389590682
1.92610183
2.646916473
4.024141098
3.101774376
1.135132113
0.888726789
0.610694176
0.578204326
0.422080532
0.459170715
0.376652246
0.262506489
0.18717604
0.364863894
0.321735774
0.27343228
0.211040266
0.156698835
0.331511481
0.321448253
0.259918802
0.24122995
0.256468552
0.197239268
0.101494842
0.603218636
0.973832945
0.64433411
0.612419301
0.579354409
0.420355408
0.345024958
0.312822629
0.323460899
0.291258569
0.282057903
0.272857238
0.317422962
0.209890183
0.227428952
0.315697837
0.353075541
2.737198003
1.064401997
1.119030948
1.737200666
1.328633611
0.841860899
0.645484193
0.430706156
0.405691847
0.354225624
0.345024958
0.282632945
0.205577371
0.235767055
0.186888519
0.264231614
0.178837937
0.206439933
0.162736772
0.2446802
0.647784359
0.379239933
0.378664892
0.34905025
0.274582363
0.240367388
0.272282196
0.133697171
0.125646589
0.073030283
0.135997338
0.207590017
0.548302163
0.817709151
1.207874875
0.823459567
1.480157072
3.44162396
4.637422962
2.647203993
2.339269218
1.77831614
1.526160399
2.136279534
2.063824293
2.399361065
4.990786023
2.426100499
1.906262895
2.286365391
1.558075208
0.989071547
0.712189018
0.491660566
0.444219634
0.354513145
0.271707155
0.288670882
0.308222296
0.294708819
0.566415973
1.544849251
2.564973045
1.905687854
1.096316805
1.186885857
2.098614309
1.45456772
0.870037937
0.637433611
0.470384027
0.416042596
0.316560399
0.207877537
0.339849584
0.274869884
0.202702163
0.186888519
0.217078203
0.12967188
0.202702163
0.210752745
0.179412978
0.154398669
0.269406988
0.15123594
0.178837937
0.168487188
0.189763727
0.289245923
0.584242263
0.414604992
0.380102496
0.288670882
0.221103494
0.283783028
0.220815973
1.024149085
2.273426955
2.448814642
1.064689517
0.70557604
0.477859567
0.353938103
0.340999667
0.322598336
0.332661564
0.192351414
0.490510483
0.289533444
0.250430616
0.224553744
0.263656572
0.168199667
0.129384359
0.193789018
0.252443261
1.095741764
0.813396339
1.230013977
0.793844925
0.553477537
0.394191015
0.397641265
0.280045258
0.338124459
0.268256905
0.228291514
0.22311614
0.232029285
0.21966589
0.317422962
0.817709151
0.537088852
0.535938769
0.510636938
0.471821631
0.408279534
1.406551747
1.502871215
0.822021963
0.595743095
0.482172379
0.400803993
0.308509817
0.306497171
0.222828619
0.371476872
0.357675874
0.370326789
0.271132113
0.258193677
0.829497504
1.014948419
0.654972379
0.814833943
1.783203993
0.971245258
1.048300832
1.099192013
1.927826955
2.002869884
1.427828286
1.215062895
0.787231947
0.59401797
0.459458236
0.403679201
0.407416972
0.377514809
0.36371381
0.275444925
0.37435208
0.191201331
0.300746755
0.891026955
0.855374376
0.64088386
0.332661564
0.751579368
0.617307155
0.510924459
0.271132113
0.26653178
0.2806203
0.216215641
0.301896839
0.321735774
0.189188686
0.137722463
0.169637271
0.186888519
0.19062629
0.123058902
0.213627953
0.236917138
0.128809318
0.131972047
0.124496506
0.153823627
0.105520133
0.13312213
0.138585025
0.084531115
0.095169384
0.12593411
0.179700499
0.126796672
0.117020965
0.123633943
0.119321131
0.123633943
0.096319468
0.148648253
0.203277205
0.131972047
0.120758735
0.079930782
0.098619634
0.152961065
0.128234276
0.119033611
0.095456905
0.090281531
0.060091847
0.103795008
0.193789018
0.145198003
0.272857238
0.396491181
0.240079867
0.142610316
0.14404792
0.099482196
0.275157404
1.360548419
9.744079867
11.38151082
17.34210449
5.100618968
1.746401331
1.05117604
1.136857238
4.984173045
5.650933777
1.806780699
1.392750749
0.986771381
0.761642596
0.61558203
0.321448253
0.351062895
0.3096599
0.278032612
0.281195341
0.225991348
0.270269551
1.306206988
2.754449251
6.081352413
1.940190349
17.90650782
7.255587354
2.070437271
1.236626955
0.751579368
0.545714476
0.467508819
0.399941431
0.24841797
0.292121131
0.264231614
0.212190349
0.19062629
0.257331115
0.326911148
0.267106822
0.462908486
0.831797671
0.70902629
0.700400666
3.869454908
3.735182696
3.672503161
4.107234609
2.803615308
2.739785691
1.301031614
0.678261564
0.689474875
0.4174802
0.251293178
0.346462562
0.292696173
0.236917138
0.220815973
0.310234942
0.618457238
0.960606988
0.60839401
0.41029218
0.281195341
0.307647255
0.205864892
0.229729118
0.146923128
0.150948419
0.143472879
0.162736772
0.620469884
0.477284526
0.309947421
0.274007321
0.176825291
1.1736599
2.182570383
4.73029218
6.489344426
2.192058569
1.125643927
0.741228619
0.512362063
0.454857903
0.459170715
0.289533444
0.353363062
0.3096599
0.379814975
0.541401664
1.791829617
2.712471215
1.069002329
0.671073544
0.454282862
0.390453245
0.307647255
0.264231614
0.28809584
0.234904493
0.200689517
0.251580699
0.222253577
0.175387687
0.165324459
0.247555408
0.847036273
1.044563062
0.65871015
0.36716406
0.372339434
0.252730782
0.209602662
0.447094842
0.39965391
0.35652579
0.249568053
0.242380033
0.21247787
0.226566389
0.290683527
0.513512146
0.859687188
0.638871215
0.449107488
0.395053577
0.284645591
0.274007321
0.269694509
0.235767055
0.285508153
0.293846256
0.309947421
0.2737198
1.012073211
1.242664892
0.70557604
1.184585691
2.560947754
1.625930116
1.230589018
1.790392013
1.416327454
1.206724792
1.256753411
1.258191015
2.346744759
1.788666889
1.269404326
0.782056572
0.541401664
0.477859567
0.366589018
0.330361398
0.253593344
0.188613644
0.214202995
0.181713145
0.185163394
0.188326123
0.179412978
0.128234276
0.106095175
0.148935774
0.1009198
0.146923128
0.130821963
0.161299168
1.420065225
0.863424958
0.514087188
0.328636273
0.255318469
0.195514143
0.280045258
0.423518136
0.326336106
0.297584027
0.292983694
0.572166389
0.537951414
0.459458236
0.553477537
0.543989351
0.463196007
0.633120799
0.415467554
0.4465198
0.336399334
0.355950749
0.379527454
0.293271215
0.294996339
0.337261897
0.27717005
0.2737198
0.25186822
0.407416972
1.847033611
2.236336772
2.482167055
1.690622296
1.248415308
0.909428286
0.687174709
0.465208652
0.421793012
0.378952413
0.230879201
0.298446589
0.262506489
0.299596672
0.267394343
0.232316805
0.238642263
0.141747754
0.254743428
0.135422296
0.380390017
1.934439933
3.033631947
4.20844193
1.89016173
1.429553411
4.216492512
2.637428286
1.519547421
0.848186356
0.624495175
0.761642596
0.516387354
0.738640932
0.682861897
0.529613311
0.476421963
0.354800666
0.310522463
0.364288852
0.318573045
0.248130449
0.254168386
0.254168386
0.277457571
0.294996339
0.261931448
0.223403661
0.274869884
0.325473544
0.28090782
0.210465225
0.245255241
0.28435807
0.262218968
0.228291514
0.224841265
0.228579035
0.216790682
0.280332779
0.232316805
0.198964393
0.616732113
0.445657238
0.320010649
0.256181032
0.260493844
0.254743428
0.281482862
0.258481198
0.278607654
0.508911814
0.631108153
0.470096506
0.380965058
0.414317471
0.396203661
0.740366057
0.706438602
0.520412646
1.754164393
2.625352413
1.231739101
1.075902829
2.195796339
2.58854975
1.208737438
0.807070882
0.619607321
0.492235607
0.411154742
0.675673877
0.652097171
0.803045591
0.832947754
0.49683594
0.401954077
0.333811647
0.2446802
0.393328453
0.438756739
0.324898502
0.196951747
0.283207987
0.223691181
0.293271215
0.209890183
0.157848918
0.193789018
0.192063894
0.192063894
0.191201331
0.146635607
0.095169384
0.08654376
0.058366722
0.10437005
0.174525125
0.180275541
0.131972047
0.098332113
0.165899501
0.127084193
0.145198003
0.121046256
0.136572379
0.16934975
0.1078203
0.138009983
0.101207321
0.189763727
0.22685391
0.274582363
0.111270549
0.191201331
0.169924792
0.175100166
0.139160067
0.119033611
0.106957737
0.106670216
0.132547088
0.122771381
0.081080865
0.121908819
0.131684526
0.126509151
0.140022629
0.133984692
0.090569052
0.179700499
0.142897837
0.114145757
0.128521797
0.16216173
0.112133111
0.125359068
0.09344426
0.138009983
0.085106156
0.087118802
0.081080865
0.081943428
0.069867554
1.033924792
0.480734775
0.240942429
0.16934975
0.170787354
0.348762729
0.309947421
0.18717604
0.16187421
0.168487188
0.134847255
0.125071547
0.111270549
0.139160067
0.089706489
0.103507488
0.098332113
0.112133111
0.071017637
0.132547088
0.09718203
0.077630616
0.078205657
0.06124193
0.052328785
0.034790017
0.053766389
0.050028619
0.360838602
0.177112812
0.123058902
0.092581697
0.085106156
0.418342762
0.70902629
0.31311015
0.18717604
1.177397671
1.531335774
1.292118469
2.613276539
1.205287188
0.681136772
0.397066223
0.308222296
1.482457238
1.020986356
0.602931115
1.002009983
0.663885524
0.564690849
2.050023295
2.170494509
0.992809318
0.599768386
0.435881531
0.287808319
0.261356406
0.189188686
0.221391015
0.160724126
0.150373378
0.10063228
0.320873211
0.257043594
0.241517471
2.402523794
2.769975374
2.319430283
2.184007987
1.164459235
0.679411647
0.466933777
0.55807787
0.4465198
0.374927121
0.306209651
0.227428952
0.21592812
0.192638935
0.17625025
0.173950083
0.155548752
2.102064559
1.027886855
0.63714609
0.499711148
0.557502829
0.88211381
0.807070882
1.074465225
1.233176705
1.464918469
1.532485857
1.043700499
0.678549085
0.524150416
0.610981697
0.613281864
0.750429285
0.616444592
0.478147088
0.376652246
0.265381697
0.247842928
0.244105158
0.199826955
0.215065557
0.656122463
1.226563727
1.416614975
1.653819634
1.050025957
0.876938436
0.729440266
0.60839401
0.483897504
0.408279534
0.340137105
0.298446589
0.23030416
0.199251913
0.217078203
0.704713478
0.83151015
0.579354409
0.444507155
0.310234942
0.277745092
0.234616972
0.207302496
0.196376705
0.313685191
0.498273544
0.324898502
0.365151414
0.220240932
0.232604326
0.342724792
0.807933444
0.691487521
0.477859567
0.404541764
0.298446589
0.310234942
0.404541764
0.493960732
0.472396672
0.364863894
0.320010649
0.458020632
0.323748419
0.301034276
0.248130449
0.312822629
0.25215574
0.200114476
0.227141431
0.19062629
0.213340433
0.142322795
0.136572379
0.179412978
0.219953411
0.120471215
0.129096839
0.119033611
0.129384359
0.25905624
0.237204659
0.210752745
0.302184359
0.465496173
1.974405324
1.74611381
1.131106822
0.96837005
0.750429285
0.602068552
0.429268552
0.408567055
0.5902802
0.858249584
2.414024626
3.087398336
2.602350749
1.769402995
1.373486855
0.956869218
0.677399002
0.51121198
0.42840599
0.613281864
0.450545092
0.606093844
0.674236273
0.480447255
0.445082196
0.623057571
0.930704825
0.809371048
0.661010316
0.609544093
1.099192013
2.263076206
1.245827621
0.837260566
1.128806656
1.074752745
0.731165391
0.548014642
0.450545092
0.368601664
0.308797338
0.349625291
0.257618636
0.220815973
0.252443261
0.228866556
0.316272879
0.224553744
0.196089185
0.204427288
0.21966589
0.231741764
0.207014975
0.218515807
0.307647255
0.261068885
0.411442263
0.48964792
0.32029817
0.297584027
0.245830283
0.251580699
0.210752745
0.18343827
0.3456
0.226278869
0.225703827
0.21247787
0.243242596
0.175100166
0.221678536
0.235479534
0.191488852
0.2087401
0.490798003
0.435306489
0.831797671
0.880388686
0.616444592
0.383552745
0.359400998
0.330648918
0.243242596
0.36716406
0.225703827
0.245830283
0.15123594
0.189188686
0.18717604
0.194939101
0.172224958
0.164174376
0.180563062
0.161586689
0.152673544
0.314835275
0.337261897
0.263081531
0.307359734
0.673948752
0.372914476
0.420642928
0.297296506
0.532488519
2.421212646
1.64864426
0.87118802
0.525300499
0.431281198
0.365726456
0.615869551
0.755317138
0.587404992
0.408567055
0.400228952
0.745541431
0.5902802
0.420930449
0.293271215
0.374064559
0.606956406
3.420347421
4.313387022
3.922646256
1.569288519
0.939042928
0.636571048
0.531050915
0.435881531
0.391890849
0.301321797
0.244105158
0.232604326
0.263081531
0.212765391
0.186888519
0.215640599
0.19062629
0.164461897
0.167624626
0.159861564
0.150373378
0.130821963
4.022415973
9.157537438
2.221960732
0.95054376
0.793269884
0.5184
0.469808985
0.330073877
0.25905624
0.251005657
0.23749218
0.299309151
0.198964393
0.173375042
0.196664226
0.184300832
0.17998802
0.189476206
0.150373378
0.194939101
0.131109484
0.155836273
0.163311814
0.123921464
0.452270216
0.557215308
0.448244925
0.27717005
0.933867554
10.92550283
3.129663894
1.257328453
0.719377038
0.529613311
0.427830948
0.395053577
1.203562063
0.868312812
0.510636938
0.437606656
0.407129451
2.045422962
11.56034875
2.916898502
1.163309151
0.755604659
0.609256572
0.490222962
0.374064559
0.329786356
0.261068885
0.370614309
0.298159068
11.18800932
3.353067554
1.267679201
0.776018636
0.624207654
0.422943095
0.377802329
0.353938103
0.258193677
0.251005657
0.516387354
0.722539767
3.219945424
5.700099834
2.024721464
1.050313478
0.769405657
0.681424293
0.459458236
0.400803993
0.418055241
0.393328453
0.283207987
0.248705491
0.256181032
0.268831947
0.190051248
0.155548752
0.165899501
0.198964393
0.181713145
0.163599334
0.106957737
0.125646589
0.128521797
0.227428952
0.494248253
1.35364792
8.196930449
28.24316805
4.395042928
1.684009318
0.759342429
0.765955408
0.437894176
0.383552745
0.46808386
0.34186223
0.184300832
0.563253245
1.013798336
0.467796339
0.392178369
0.334386689
0.309372379
1.989068885
3.966349418
5.353924792
1.832945092
0.939905491
0.70557604
0.510061897
0.400228952
0.411729784
0.258768719
0.218228286
0.215353078
0.213340433
0.218228286
0.195514143
0.189188686
0.158999002
0.156411314
0.152961065
0.167912146
0.155261231
0.171362396
0.301896839
0.235767055
0.209027621
0.634270882
0.688037271
0.609544093
1.545999334
1.233751747
0.754454576
0.585967388
0.385565391
0.949393677
0.640021298
0.420067887
0.375502163
0.285795674
0.341574709
0.624495175
0.661010316
0.683149418
0.70557604
0.459745757
0.355088186
0.294996339
0.26653178
0.253305824
0.285508153
0.283495507
0.309084859
0.44623228
0.715351747
1.330358735
5.158123128
2.625639933
1.365723794
1.445654576
0.862562396
0.568428619
2.616439268
3.604935774
2.201834276
2.562672879
2.114715474
1.599190682
0.916903827
0.890451913
0.56526589
0.561240599
0.71650183
0.407129451
0.37808985
0.384702829
0.357100832
0.293846256
0.300171714
0.211902829
0.233179368
0.309372379
0.360263561
0.304197005
0.248130449
0.203852246
0.19436406
0.191201331
0.182288186
0.200977038
0.189476206
0.14749817
0.204427288
0.241804992
0.710176373
2.262501165
2.895621963
1.672220965
1.25272812
2.073024958
1.812818636
1.147207987
0.861987354
0.905690516
0.846748752
0.68774975
0.472684193
0.404829285
0.386140433
0.301321797
0.22685391
0.228003993
0.254168386
0.414892512
0.492235607
0.415755075
0.554627621
0.620182363
0.570153744
1.049163394
2.675956073
3.96002396
2.039672546
1.475269218
1.746976373
2.333231281
1.987631281
1.434728785
0.963194676
1.149508153
0.979008319
0.887576705
0.553765058
0.529613311
0.4534203
0.358825957
0.246117804
0.456295507
0.268544426
0.371764393
0.459170715
0.781769052
0.68056173
0.506324126
0.489935441
0.815984027
0.90367787
0.7630802
0.496260899
0.523575374
0.404541764
0.328636273
0.326623627
0.324610982
0.28435807
0.283207987
0.231454243
0.35623827
0.350775374
1.326620965
2.892459235
2.533345757
1.684296839
1.012648253
0.952843927
1.010923128
0.839848253
0.685162063
0.513512146
0.418342762
0.391315807
0.283783028
0.261931448
0.269119468
0.249568053
0.174812646
0.184588353
0.282345424
0.181138103
0.148648253
0.153823627
0.131684526
0.153823627
0.139735108
0.123346423
0.128809318
0.14031015
0.143185358
0.143185358
0.119608652
0.112995674
0.513512146
0.337261897
0.231741764
0.222828619
0.270269551
0.27343228
0.177112812
0.177400333
0.194076539
0.173950083
0.181425624
0.156411314
0.150660899
0.203277205
2.294128453
2.227423627
1.235476872
0.814258902
0.519550083
0.418055241
0.949968719
0.818859235
0.592580366
0.457733111
0.433868885
0.382977704
0.494535774
0.601781032
0.644621631
0.461470882
0.332661564
0.285220632
0.253593344
0.2446802
0.221966057
0.245830283
0.390453245
1.640593677
1.487920133
1.194073877
0.747266556
0.54715208
0.438469218
0.445944759
0.323748419
0.326048586
0.289820965
0.241517471
0.247267887
0.212765391
0.175962729
0.20155208
0.163311814
0.179125458
0.182575707
0.14404792
0.87463827
0.82087188
0.422943095
0.414317471
0.315122795
0.297871547
0.304197005
0.229441597
0.193789018
0.184300832
0.173662562
0.200977038
0.235767055
0.21247787
0.257906156
0.191776373
0.174525125
0.416042596
0.257043594
0.170499834
0.153536106
0.141460233
0.203277205
0.129384359
0.135997338
0.134559734
0.324323461
0.161011647
0.16906223
0.191488852
0.450545092
2.094876539
0.761930116
4.38124193
1.712186356
0.906840599
0.582517138
0.522425291
0.587404992
0.38872812
0.325186023
0.279757737
0.278895175
0.195514143
0.213915474
0.206152413
0.308797338
0.248130449
0.210465225
0.148360732
0.148360732
0.163886855
0.139160067
0.197814309
0.152673544
0.145198003
0.181713145
0.329211314
0.640021298
0.377802329
0.26998203
0.230016639
0.193213977
0.588267554
1.200399334
0.667335774
0.39591614
0.357963394
0.247267887
0.300459235
0.230016639
0.225991348
0.206152413
0.182575707
0.196951747
0.157273877
0.303621963
0.926392013
2.262788686
1.081940765
0.750429285
0.562390682
0.37808985
0.348475208
0.279182696
1.399938769
3.579058902
3.019830948
1.291543428
0.7921198
0.605518802
0.416617637
0.584529784
1.212475208
0.744103827
0.589417637
0.498848586
0.393903494
0.36342629
0.317998003
0.539101498
1.495970715
1.437891514
2.738348087
2.470378702
1.216212978
0.835535441
0.715926789
0.51466223
0.46808386
0.542264226
0.402816639
0.339849584
0.35652579
0.358538436
0.288670882
0.373777038
0.28090782
0.330648918
0.386715474
0.59401797
0.508336772
0.374927121
0.361413644
0.311672546
0.277745092
0.258193677
0.239217304
0.221678536
0.218803328
5.272843927
8.255584692
1.707586023
0.864575042
0.580504493
0.467796339
0.405979368
0.339562063
0.33467421
0.326623627
0.345024958
0.606381364
0.686312146
0.470384027
0.374927121
0.343874875
0.3096599
0.311672546
0.340999667
0.287808319
0.200977038
0.218515807
0.215065557
0.347900166
0.517537438
0.468946423
0.427543428
0.32029817
0.33122396
0.313972712
0.303621963
0.226566389
0.23030416
0.238067221
0.156123794
0.21592812
0.257043594
0.264519135
0.202989684
0.222253577
0.236054576
0.217940765
0.207014975
0.561240599
1.083953411
0.736340765
0.587980033
0.464058569
0.513512146
0.487347754
0.468658902
0.346750083
0.385565391
0.439619301
0.480734775
0.386715474
0.297296506
0.254743428
0.233754409
0.238929784
0.206439933
0.222541098
0.203852246
0.19810183
0.185450915
0.180850582
0.192063894
0.144335441
0.44997005
0.659285191
0.859974709
0.559802995
0.473834276
0.408567055
0.431568719
0.365726456
0.39965391
0.356813311
0.345024958
0.315985358
0.34214975
0.288670882
0.398503827
0.487347754
0.602356073
0.514374709
0.504311481
0.447669884
1.030187022
0.94306822
0.580504493
0.513512146
0.357388353
0.315985358
0.291258569
0.272282196
0.291833611
0.209027621
0.22685391
0.200689517
0.174525125
0.198676872
0.197239268
0.218228286
0.198964393
0.299884193
0.648359401
0.912591015
1.169634609
1.166759401
1.224551082
1.318857903
1.626792679
1.665607987
1.525010316
1.01523594
0.768255574
0.539389018
0.470671547
0.366013977
0.293846256
0.340712146
0.295571381
0.282057903
0.230591681
0.257906156
0.496260899
0.556352745
0.565553411
0.584242263
0.457445591
0.4105797
0.35278802
0.298159068
0.369751747
1.316270216
0.797870216
0.59401797
0.471246589
0.399941431
0.336974376
0.351062895
0.371189351
0.582517138
0.625645258
0.486772712
0.488497837
0.488785358
0.535651248
1.277742429
1.625355075
1.480444592
1.154971048
1.217363062
0.902815308
0.700400666
0.835535441
1.223688519
1.442204326
1.991081531
1.787229285
1.163309151
0.873488186
0.577054243
0.469521464
0.382115141
0.485335108
2.073312479
1.182285524
0.823459567
0.629670549
0.460320799
0.404254243
0.397353744
0.310522463
0.228866556
0.175675208
0.264231614
0.527313145
0.693212646
0.366301498
0.41776772
2.142317471
1.299306489
0.837260566
1.636855907
1.057501498
0.6912
0.595168053
0.460320799
0.353650582
0.35278802
0.244392679
0.597180699
0.926392013
0.573316473
0.470096506
0.371764393
0.47872213
0.525300499
2.405974043
1.340709484
0.802470549
0.599480865
0.449682529
1.659857571
1.556350083
0.913741098
0.815984027
0.535651248
0.472684193
0.423230616
0.348475208
0.282345424
0.259631281
0.267969384
0.257906156
0.369751747
0.255030948
0.184875874
0.378377371
0.240367388
0.564403328
0.350775374
0.340424626
0.271419634
0.275157404
0.304772047
0.209027621
0.204714809
0.225991348
0.735190682
0.696662895
0.391315807
0.531625957
0.314835275
0.261931448
0.23030416
0.171937438
0.153536106
0.287233278
0.263369052
0.155261231
0.215065557
0.239504825
0.139447587
0.172224958
0.144910483
0.138297504
0.249568053
0.494248253
0.331799002
0.250430616
0.213052912
0.161299168
0.163599334
0.14749817
0.156123794
0.134559734
0.125359068
0.135997338
0.112995674
0.084243594
0.441344426
4.579918802
2.53449584
1.115580699
0.614144426
1.512934443
30.48496772
25.62155341
5.177962063
1.65957005
1.020986356
0.673661231
0.555490183
0.44997005
0.454857903
0.498848586
0.463771048
0.323460899
0.275157404
0.26279401
0.436456572
0.384127787
0.275732446
0.25186822
0.254168386
0.207877537
0.197526789
0.205002329
0.165324459
0.494248253
0.245830283
0.22685391
0.210177704
0.166187022
0.217365724
0.465783694
0.377227288
0.592580366
0.479872213
0.613856905
0.589130116
0.588842596
0.421793012
0.324323461
0.319723128
1.662157737
1.153245923
0.61558203
0.725127454
0.561240599
0.387578037
0.335249251
0.263944093
0.246980366
0.220528453
0.205577371
0.186600998
0.178550416
0.179125458
0.189188686
0.141747754
0.329786356
0.327198669
0.249280532
1.055776373
13.92980765
8.629649251
4.534490516
1.630530449
1.01149817
0.648934443
0.548302163
0.39246589
0.379814975
0.283495507
0.29873411
0.458020632
6.631954742
4.446509151
2.52730782
4.000276872
2.308792013
2.057211314
1.182860566
0.753304493
0.61558203
0.50028619
1.442779368
5.048290183
3.220807987
2.628227621
1.460030616
1.195511481
3.123050915
1.875210649
1.181998003
0.827772379
0.550027288
0.494823295
0.407416972
0.31311015
1.013510815
0.757617304
0.549452246
0.433581364
0.409142097
0.345024958
2.81885391
14.60634409
5.155822962
3.846453245
2.689469551
2.101201997
5.162148419
5.424079867
2.95916406
2.215922795
1.297868885
0.870900499
0.939905491
1.344159734
1.335246589
2.171069551
1.541974043
1.410864559
1.674521131
1.385275208
0.944793344
0.750429285
0.706438602
0.520700166
0.51494975
0.39246589
0.397353744
0.457733111
0.299884193
0.297584027
0.264519135
0.232029285
0.26998203
0.228291514
0.226278869
0.168199667
0.171649917
0.139735108
0.140885191
0.141460233
0.205002329
0.174525125
0.184588353
0.117308486
0.135997338
0.125646589
0.120758735
0.164461897
0.200689517
0.13312213
0.174525125
0.124496506
0.14749817
0.117308486
0.066992346
0.139447587
0.194651581
0.181425624
0.159861564
0.19436406
0.344737438
0.397641265
0.344449917
0.286370715
0.283207987
0.156411314
0.19062629
0.269119468
0.267394343
0.406266889
0.444794676
0.407992013
0.384702829
0.398503827
0.325186023
0.286658236
0.411442263
0.443644592
0.462908486
0.390453245
0.363138769
0.260781364
0.267394343
0.256756073
0.229441597
0.339562063
1.223113478
2.280902496
1.219950749
0.945080865
2.071012313
2.247262562
1.491945424
1.030762063
0.843873544
0.7630802
0.594593012
0.625357737
0.62995807
1.184010649
1.110980366
1.554912479
1.262503827
0.837835607
0.596893178
0.526738103
0.378664892
0.394478536
0.292121131
0.262218968
0.238067221
0.202414642
0.235479534
0.447669884
0.505461564
0.472971714
0.365438935
0.302759401
0.246405324
0.242092512
0.213915474
0.191488852
0.155836273
0.192351414
0.168199667
0.158136439
0.174237604
0.193501498
0.208452579
0.272857238
0.297584027
0.306497171
0.426105824
0.739791015
1.712761398
1.102929784
0.761642596
0.515812313
0.389015641
0.33467421
0.419780366
0.225703827
0.26624426
0.242092512
0.254743428
0.236917138
0.213915474
0.26998203
0.248705491
0.198676872
0.182288186
0.214202995
0.22685391
0.227141431
0.175387687
0.190051248
0.194076539
0.266819301
0.27717005
0.202989684
0.185738436
0.202702163
0.175387687
0.188613644
0.16561198
0.159574043
0.147785691
0.155261231
0.160724126
0
0.147210649
0.140597671
0.628807987
2.074175042
1.696372712
0.729440266
0.495110815
0.381252579
0.345312479
0.326336106
0.275157404
0.250143095
0.196951747
0.228579035
0.199826955
0.359688519
0.290971048
0.193501498
0.179700499
0.265381697
0.220240932
0.347612646
0.498848586
0.321160732
0.686887188
2.67480599
1.35709817
0.756467221
0.585679867
0.387290516
0.338987022
0.276595008
0.276307488
0.2377797
0.218803328
0.387865557
0.458595674
1.031337105
1.141745092
0.911728453
0.77026822
0.505461564
0.433868885
0.594593012
1.632543095
1.462618303
0.933004992
2.40137371
3.947660566
5.245816972
3.107524792
1.348472546
0.880101165
0.576191681
0.633120799
0.546864559
0.818571714
1.318282862
0.958881864
0.605806323
0.556927787
1.044275541
0.82432213
0.578204326
0.632833278
1.470956406
1.189761065
1.138869884
1.027886855
0.84243594
0.608969052
0.574466556
0.658422629
0.746116473
0.814258902
1.103504825
1.032487188
0.606668885
0.483609983
0.421793012
0.418630283
0.304484526
0.334099168
0.292696173
0.213627953
0.237204659
0.196089185
0.195226622
0.149510815
0.145198003
0.187463561
0.117883527
0.126509151
0.160724126
0.131109484
0.112995674
0.116733444
0.170212313
0.146635607
0.144622962
0.236054576
0.153248586
0.097469551
0.134847255
0.128809318
0.162736772
0.141172712
0.224553744
0.235479534
0.173087521
0.163886855
2.085388353
23.10488386
3.102924459
1.361698502
0.89275208
0.710463894
0.586254908
0.418630283
0.332374043
0.397928785
0.429268552
0.501436273
22.02984359
8.407683195
3.703267887
2.754736772
1.399076206
1.037087521
1.313107488
1.079065557
0.887001664
1.757902163
2.427538103
1.080790682
0.822884526
0.579066889
0.435306489
0.739503494
1.341284526
0.737490849
0.578779368
0.479297171
0.390165724
0.319148087
0.318860566
0.310522463
0.307647255
0.293271215
0.263081531
0.251580699
0.269119468
0.29873411
0.295571381
1.106380033
2.094589018
1.979005657
0.954856572
0.698675541
0.473546755
0.440769384
0.480159734
0.397066223
0.332086522
0.281770383
0.308222296
0.255893511
0.238354742
0.211615308
0.207014975
0.195801664
0.164461897
0.171937438
0.165036938
0.132547088
0.148935774
0.632833278
0.501148752
0.328923794
0.247267887
0.207014975
0.227716473
0.258481198
0.286083195
2.44795208
2.884408652
1.27084193
0.74151614
0.654397338
0.716214309
0.525300499
0.491085524
0.379239933
0.336111814
0.270557072
0.242955075
0.216790682
0.256181032
0.19062629
0.220240932
0.163024293
0.167624626
0.170499834
0.197526789
0.196376705
0.133409651
0.160724126
0.145198003
0.132547088
0.158711481
0.178837937
0.137434942
0.192063894
0.155548752
0.161299168
0.164461897
0.162736772
0.174812646
0.531050915
0.757904825
0.824609651
0.533638602
0.390165724
0.434731448
0.830935108
1.033637271
0.736053245
0.563253245
0.503736439
0.555490183
0.531913478
0.46434609
0.368889185
0.375502163
0.290683527
0.247555408
0.263656572
0.242955075
0.319148087
0.414892512
0.534213644
0.402816639
0.349912812
0.214202995
0.382402662
0.401954077
0.424380699
0.323460899
0.347325125
0.372626955
0.250430616
0.290396007
0.235479534
0.271132113
0.364288852
0.398791348
0.413742429
0.34905025
0.322885857
0.320010649
0.228291514
0.357963394
0.991659235
0.814546423
0.679411647
0.639446256
0.814258902
0.697525458
0.652097171
0.5184
0.485047587
0.750141764
0.95399401
0.754742097
0.648934443
0.560090516
0.465496173
0.443644592
0.420067887
0.364863894
0.324610982
0.326623627
0.438469218
0.988208985
1.927826955
2.331506156
1.228001331
0.73087787
0.595743095
0.444219634
0.355375707
0.341287188
0.293271215
0.326048586
0.242380033
0.311672546
0.817996672
0.67308619
0.93616772
2.100339434
1.424378037
1.902812646
4.242944426
2.035647255
1.234039268
1.618454576
2.263076206
1.476419301
0.900227621
0.642321464
0.510924459
0.4174802
0.366876539
0.282632945
0.271707155
0.251005657
0.735478203
1.667333111
1.861409651
1.491370383
0.936742762
0.646346755
0.9358802
1.767102829
2.554047255
1.43990416
0.843010982
0.669348419
0.579354409
0.511499501
0.518975042
0.461183361
0.329786356
0.341287188
0.246692845
0.279757737
0.244105158
0.274294842
0.19436406
0.198389351
0.145198003
0.168199667
0.186313478
0.147210649
0.132834609
0.187463561
0.114720799
0.276019967
0.148360732
0.171362396
0.684299501
1.796717471
0.862274875
0.515524792
0.385852912
0.296721464
0.272857238
0.268831947
0.266819301
0.399366389
0.386140433
0.288670882
0.413454908
1.500283527
2.169631947
0.993959401
0.653534775
0.468371381
0.553190017
0.714776705
1.048588353
1.678546423
1.782916473
1.623054908
1.358248253
1.250140433
1.007760399
1.204424626
1.039675208
1.012935774
1.02242396
1.9367401
1.902812646
1.337546755
0.944505824
1.645481531
1.545711814
1.067277205
1.219375707
1.302756739
0.790394676
0.603793677
0.504311481
0.975270549
1.31770782
2.814253577
1.207587354
0.682286855
0.437319135
0.5184
0.617019634
0.481309817
0.941630616
2.738635607
1.742088519
1.192923794
0.832372712
0.639733777
0.61903228
0.702413311
0.821734443
0.605518802
0.47872213
0.377802329
0.40684193
0.354513145
0.276595008
0.20528985
0.668485857
0.500861231
0.299596672
0.534788686
0.852499168
0.655834942
0.393615973
0.283495507
0.240654908
0.251580699
0.231166722
0.345312479
0.199826955
0.229441597
0.152386023
0.199251913
0.155261231
0.232316805
0.171362396
0.155261231
0.142322795
1.518972379
0.539389018
0.336399334
0.289245923
0.257043594
0.215640599
0.227141431
0.165899501
0.198964393
0.14749817
0.155261231
0.135422296
0.144335441
0.148648253
0.131684526
0.161586689
0.156123794
0.165324459
0.399078869
0.299884193
0.25215574
0.181138103
0.192351414
0.179125458
0.240367388
0.281482862
0.228291514
0.263944093
0.295571381
0.242667554
0.212190349
0.228003993
0.206727454
0.171362396
0.423230616
0.157848918
0.147785691
0.162449251
0.139447587
0.129096839
0.167049584
0.182575707
0.261643927
0.16187421
0.123346423
0.14404792
0.195801664
0.214202995
0.472396672
0.985333777
1.330646256
8.154664892
6.506020632
2.248987687
1.048013311
0.744966389
0.580504493
1.284067887
2.739785691
2.162156406
1.225413644
1.422940433
0.782631614
2.635415641
1.729725125
0.92524193
0.656122463
0.459745757
0.38527787
0.369176705
0.265669218
0.29528386
0.215065557
0.242955075
0.209315141
0.183150749
0.184588353
2.992228952
5.302171048
13.78460965
8.524991681
2.380384692
1.165321797
0.765955408
2.043410316
5.081067554
21.39039734
10.05460233
4.207004326
1.961179368
1.149220632
0.947093511
0.879813644
0.633983361
0.516962396
0.64807188
19.48384692
42.37912812
6.867434276
1.870035275
1.109830283
1.301894176
0.967219967
0.561815641
1.553187354
3.626212313
26.91309684
21.89614642
15.4663188
4.267671215
1.645481531
1.067564725
0.78493178
0.691487521
0.578204326
0.544564393
2.942200333
1.110117804
0.98993411
0.701263228
0.546001997
0.44997005
0.314835275
0.340424626
0.247555408
0.246117804
0.246980366
0.193501498
0.197526789
0.27343228
0.290971048
1.185448253
2.040247587
3.205856905
3.899932113
2.129954077
2.70355807
2.569860899
2.438463894
12.10520067
3.843865557
2.02673411
1.173372379
0.772855907
0.6193198
1.255603328
1.450542429
1.617016972
1.16647188
0.932717471
0.821446922
0.631395674
0.633120799
1.565263228
1.909713145
2.704420632
3.864279534
2.012070549
1.098329451
0.803908153
0.614719468
0.938467887
3.093723794
3.432710815
2.571873544
2.748698835
2.2104599
1.267966722
0.837260566
0.641458902
0.478147088
0.417192679
0.336974376
0.325473544
0.370614309
0.288383361
0.282920466
0.251580699
0.220528453
0.219953411
0.261643927
0.370039268
0.303621963
0.319148087
0.367739101
1.123918802
2.054336106
1.809368386
1.188323461
0.870612978
0.701263228
0.677111481
0.546001997
0.479872213
0.447669884
0.447957404
0.575329118
0.735190682
0.703563394
0.704138436
0.511787022
0.416042596
0.416042596
0.288383361
0.289245923
0.289245923
0.289820965
0.227141431
0.196376705
0.228866556
0.166762063
0.215353078
0.186025957
0.170212313
0.199251913
0.069867554
0.081943428
0.116733444
0.179412978
0.136284859
0.117883527
0.160149085
0.160436606
0.132259567
0.200114476
0.208165058
0.225991348
0.322023295
0.249855574
0.466358735
0.466071215
0.315410316
0.320585691
0.249280532
0.261068885
0.23404193
0.184875874
0.195226622
0.158711481
0.178262895
0.18343827
0.148935774
0.177975374
0.312247587
0.938755408
1.0727401
1.592002662
0.991371714
0.639158735
0.519262562
0.408567055
0.368601664
0.313972712
0.39591614
0.813971381
0.862274875
0.657272546
0.477572047
0.399078869
0.311960067
0.35623827
0.420067887
0.416330116
0.392753411
0.339274542
0.368889185
0.264231614
0.280332779
0.255318469
0.269406988
0.220815973
0.217940765
0.191201331
0.218803328
0.198389351
0.257618636
0.218515807
0.165899501
0.174237604
0.182288186
0.191776373
0.174812646
0.169637271
0.220815973
0.165899501
0.179125458
0.166762063
0.178262895
0.146060566
0.18343827
0.168199667
0.146923128
0.138585025
0.161299168
0.232029285
0.6912
0.50057371
0.434731448
0.489360399
0.47872213
0.573316473
0.420642928
0.617019634
1.631968053
0.771418303
0.562965724
0.423805657
0.317710483
0.284933111
0.288383361
0.218803328
0.242667554
0.384702829
0.24122995
0.202989684
0.168774709
0.22685391
0.170787354
0.23030416
0.174525125
0.382690183
0.993384359
0.59775574
0.418630283
0.476997005
0.671648586
0.444219634
0.393040932
0.331799002
0.360263561
2.238061897
1.753876872
1.110117804
1.086541098
0.764805324
0.568141098
0.485335108
1.394188353
1.136282196
0.895052246
0.71276406
0.661585358
1.103217304
4.811085524
3.539381032
2.584524459
1.625067554
0.891026955
0.727715141
0.552902496
0.443644592
0.349912812
0.353075541
0.444219634
0.441056905
0.364001331
0.705863561
0.526738103
0.766242928
0.621907488
0.949681198
0.913166057
0.593730449
0.589417637
0.457733111
0.398791348
0.419780366
0.629670549
0.494535774
0.918341431
1.252153078
1.085391015
0.744391348
0.504311481
0.736915807
0.57590416
0.450545092
0.566415973
0.554052579
1.006035275
0.974120466
0.617882196
0.524437937
0.459458236
0.521275208
0.463483527
0.252730782
0.256756073
0.338124459
0.414604992
0.412592346
0.334386689
0.536801331
0.43185624
0.36371381
0.481022296
0.53622629
0.513799667
0.477859567
0.366589018
0.278607654
0.26998203
0.231741764
0.233179368
0.171362396
0.211615308
0.246117804
0.245830283
0.43559401
0.312822629
0.239792346
0.219090849
0.601493511
0.369176705
0.720527121
0.518687521
0.286083195
0.35278802
0.263656572
3.043982696
1.634843261
0.805345757
0.486485191
0.412592346
0.321735774
0.294708819
0.222828619
0.26624426
0.228579035
0.468658902
0.625932779
1.200974376
0.841860899
0.510349418
0.395341098
0.303621963
0.978720799
3.328915807
1.760777371
0.941918136
0.603793677
0.495398336
0.68774975
1.774003328
0.722539767
0.502011314
0.343587354
0.298159068
0.405116805
2.582224293
1.940765391
2.35450782
3.032769384
1.29959401
0.83151015
0.552614975
0.444794676
0.378377371
0.363138769
0.460033278
0.387578037
0.399078869
5.567552745
4.050880532
3.32632812
2.30764193
1.437028952
0.827484859
0.694075208
0.544851913
0.429268552
0.34933777
0.329498835
0.270557072
0.288958403
0.256181032
0.275732446
0.246405324
0.233754409
0.241804992
0.190051248
0.348475208
0.275157404
0.41776772
0.283207987
0.339849584
0.353650582
0.266819301
0.299596672
0.288383361
0.223691181
0.228866556
0.192638935
0.217653245
0.192063894
0.220240932
0.228291514
0.337836938
1.013223295
0.498848586
0.305059567
0.307647255
0.261068885
0.477284526
0.562678203
0.698675541
0.921216639
2.280614975
4.119885524
1.330646256
0.779756406
0.508911814
0.555777704
0.93242995
0.698963062
0.523575374
0.613569384
0.615006988
0.610406656
0.524150416
0.745541431
0.880963727
0.869175374
1.112705491
4.868014642
5.847310483
6.492507155
3.150940433
1.457155408
0.958594343
0.697525458
0.466933777
0.413742429
0.347037604
0.33467421
0.265094176
0.324323461
0.351637937
0.284070549
0.261356406
0.219090849
0.184875874
0.182863228
0.170499834
0.159286522
0.327198669
0.468371381
0.317710483
0.292121131
0.296721464
0.211902829
0.240079867
0.265669218
0.829497504
0.607243927
0.636283527
0.895052246
0.952268885
0.707588686
0.61213178
0.664173045
0.519550083
0.442494509
0.982171048
1.476706822
1.024436606
0.805345757
0.576191681
0.964057238
1.204424626
1.207299834
2.205284526
1.984468552
1.44709218
1.146920466
0.678549085
0.755604659
0.600343428
0.437031614
0.411442263
0.364288852
0.36342629
0.282345424
0.307647255
0.309372379
0.368601664
0.38872812
0.86773777
0.643471547
0.833810316
4.620746755
4.232881198
5.210739434
4.817410982
6.560362063
2.936737438
1.838120466
2.321155408
2.600625624
2.463478203
2.713333777
1.715349085
1.056063894
0.787231947
0.590855241
0.47872213
0.660147754
0.893327121
1.06555208
1.156983694
1.142032612
1.729725125
1.383262562
0.96463228
0.693212646
0.564403328
0.413742429
0.413167388
0.353363062
0.301896839
0.286945757
0.249568053
0.263656572
0.252730782
0.238354742
0.190051248
0.18717604
0.207302496
0.191488852
0.142035275
0.242380033
0.225128785
0.171362396
0.191201331
0.347325125
0.499998669
0.450545092
0.416617637
0.430418636
0.502298835
0.326623627
0.344162396
0.290396007
0.249568053
0.384702829
0.239504825
0.252443261
0.225416306
0.225128785
0.221103494
0.188613644
0.271707155
0.503161398
4.596882529
2.676531115
1.219663228
2.820866556
2.676243594
2.166181697
1.299881531
1.08711614
2.669343095
1.697235275
1.033924792
0.800457903
0.650947088
0.483322463
0.441056905
0.353075541
0.325473544
0.298159068
0.271707155
0.269406988
0.21247787
0.213915474
0.131972047
0.2377797
0.143472879
0.221678536
0.122196339
0.165324459
0.215640599
0.178550416
0.15842396
0.155836273
0.294996339
0.162736772
0.868887854
0.732027953
0.407704493
0.366876539
0.324323461
0.274869884
0.23030416
0.233754409
0.149510815
0.523575374
0.792407321
0.483034942
0.654397338
0.648646922
0.498561065
0.879238602
3.674803328
2.130529118
1.070727454
0.842723461
3.715918802
3.469225957
2.651229285
1.604366057
1.082228286
0.749566722
0.687174709
0.53622629
0.43559401
0.322598336
0.321160732
0.307072213
0.235192013
0.210465225
0.220240932
0.175387687
0.197526789
0.17998802
0.631395674
0.634270882
1.025011647
1.215350416
9.947644592
4.306486522
1.908275541
1.016386023
0.7561797
0.57964193
0.388153078
0.328636273
0.37435208
0.300746755
0.274007321
0.270269551
0.20155208
0.181713145
0.205002329
0.134847255
0.138585025
0.134847255
0.164749418
0.187751082
0.282057903
0.173662562
0.182575707
0.814833943
0.981020965
0.686887188
0.441919468
0.364001331
0.300171714
0.233466889
0.228579035
0.197239268
0.199826955
0.184013311
0.23404193
0.217940765
0.200401997
0.314835275
0.262218968
0.211327787
0.203277205
0.239504825
0.19091381
0.191776373
1.842145757
8.414296173
5.42149218
2.027596672
2.05577371
1.937602662
2.136279534
7.576460566
5.368875874
2.171932113
1.37521198
1.366586356
0.869750416
0.708451248
0.57590416
0.457445591
0.509774376
0.552902496
1.085678536
5.988770715
4.038517138
3.002867221
1.64893178
0.995397005
0.78464426
0.539676539
0.396491181
0.373201997
0.309372379
0.277745092
0.270269551
0.2377797
0.166474542
0.209315141
0.207014975
0.161586689
0.215640599
0.162449251
0.159574043
0.24122995
0.149510815
0.169924792
0.193789018
0.14749817
0.15842396
0.307934775
0.332086522
0.242955075
0.221103494
0.197526789
0.192638935
0.197239268
0.569578702
1.226563727
1.208737438
1.300169052
2.943637937
1.945078203
2.429550749
1.261066223
0.754454576
0.537088852
0.518975042
0.400803993
0.617307155
0.974407987
0.665035607
0.592005324
1.229151414
1.902812646
16.12129118
44.00994609
7.080774709
2.489355075
1.592577704
7.302453245
3.365718469
2.047435607
7.809639933
6.180834609
2.252150416
1.941052912
1.70269817
4.220517804
4.196653577
1.736625624
1.528460566
2.679693844
2.418049917
1.913738436
1.428115807
1.034499834
1.258191015
1.347034942
1.020986356
0.754742097
0.666185691
0.813108819
0.812821298
0.695512812
0.607531448
0.43214376
0.402816639
0.412017304
0.373489517
0.441631947
0.919203993
0.721677205
0.692925125
0.686312146
0.524725458
0.719089517
1.293268552
7.640865225
4.723679201
2.294415973
1.40022629
1.089128785
1.088553744
3.983025624
3.174517138
2.245537438
1.833807654
1.395338436
1.029324459
0.780618968
0.663022962
0.650372047
0.613281864
0.836398003
1.396200998
3.155253245
1.453130116
0.825184692
0.625357737
0.737778369
8.282899168
3.617011647
1.542836606
1.133694509
0.931567388
0.901665225
0.705000998
0.571303827
0.709888852
0.650372047
0.506324126
0.480447255
0.428693511
0.398791348
0.378377371
0.300171714
0.314260233
0.290683527
0.258768719
0.317710483
0.544564393
0.923229285
0.93961797
2.530183028
2.318855241
1.408564393
1.100629617
0.771705824
0.772280865
1.105804992
0.799882862
0.66244792
0.483897504
0.426968386
0.477572047
0.602931115
1.104079867
1.56612579
1.657269884
0.941630616
0.942780699
0.780618968
0.600630948
0.510636938
0.396778702
0.396203661
0.352500499
0.282057903
0.315410316
0.254455907
0.254455907
0.288383361
0.433581364
0.435306489
0.367739101
0.29154609
0.251005657
0.290683527
0.265669218
0.234904493
0.232316805
0.281195341
0.582229617
0.46089584
0.338124459
0.315697837
0.292696173
0.269694509
0.238929784
0.274582363
0.199539434
0.213340433
0.222253577
0.209602662
0.217365724
0.21966589
0.188613644
0.204714809
0.199539434
0.261068885
0.464058569
0.879526123
0.922654243
0.925816972
0.673661231
0.49309817
0.409142097
0.43904426
0.703563394
1.650081864
1.495970715
0.979870882
0.736915807
0.935305158
1.365436273
0.919779035
0.742953744
0.751579368
0.600055907
0.523287854
0.409429617
0.445657238
0.33496173
0.317135441
0.354800666
0.554052579
0.468946423
0.550027288
0.548302163
0.500861231
0.493385691
0.574754077
0.497698502
0.441919468
0.407992013
0.320585691
0.502298835
0.717364393
0.608681531
0.451120133
0.41776772
0.337261897
0.369176705
0.328636273
0.317998003
0.315985358
0.397353744
0.961469551
7.36570782
3.270836606
1.389875541
0.939042928
0.778031281
0.622195008
0.54370183
1.175385025
1.121618636
1.248990349
1.015523461
0.797870216
0.596318136
0.50776173
0.473834276
0.435018968
1.186310815
1.173084859
0.790107155
0.666185691
0.534788686
2.455715141
2.35450782
3.721669218
2.340419301
5.641733111
5.337823627
4.403381032
4.125923461
2.614714143
1.572451248
1.330646256
1.088266223
1.543411647
1.715061564
1.235189351
0.920066556
0.671361065
0.545714476
0.420355408
0.365726456
0.419205324
0.337836938
0.311097504
0.71650183
0.392753411
0.320010649
0.250718136
0.275732446
0.247842928
0.230591681
0.304197005
0.62650782
1.496545757
0.85307421
1.326045923
1.000572379
0.59746822
0.439906822
0.368601664
0.307072213
0.304197005
0.402241597
0.336399334
0.281770383
0.67682396
0.489072879
0.330361398
0.292408652
0.24122995
0.213627953
0.237204659
0.165036938
0.18372579
0.179125458
0.174237604
0.167337105
0.25215574
0.5833797
0.384415308
0.25934376
0.196951747
0.217078203
0.202989684
0.174812646
0.209602662
0.12593411
0.167624626
0.152098502
0.138872546
0.131684526
0.178262895
0.139447587
0.112708153
0.167049584
0.141747754
0.160436606
0.328348752
0.219090849
0.181425624
0.131684526
0.153248586
0.153248586
0.186313478
0.111845591
0.146060566
0.146635607
0.129384359
0.355663228
1.644043927
1.238927121
0.759917471
1.152958403
18.02410383
2.974977704
1.640881198
2.433288519
1.121331115
0.753304493
0.551752413
0.44623228
0.375502163
0.340137105
0.274294842
0.199251913
0.502298835
24.00683661
46.89751747
21.34094376
6.880372712
2.161006323
1.841858236
1.588552413
6.819705824
7.857368386
7.090550416
19.4407188
15.1359574
8.559206656
5.796706822
2.572736106
1.464343428
1.029899501
0.828347421
0.610406656
0.463196007
1.258478536
0.724839933
0.501723794
0.456295507
0.396491181
0.332949085
0.279470216
0.276595008
0.236629617
0.751579368
9.589681198
5.818845923
1.892174376
0.87118802
0.592005324
0.586542429
0.575329118
0.490798003
0.437319135
0.433293844
0.444794676
0.344737438
0.418917804
0.466646256
0.554915141
0.715639268
0.571591348
0.447957404
0.375502163
0.359400998
0.32403594
0.320873211
0.296433943
0.52932579
1.094591681
1.097179368
0.826622296
0.599768386
0.463483527
0.382115141
0.492235607
0.415180033
0.400516473
0.372339434
0.332086522
0.309947421
0.262506489
0.259918802
0.216503161
0.214202995
0.248705491
0.19810183
0.187463561
0.19062629
0.191776373
0.155261231
0.322310815
0.212190349
0.173950083
0.177687854
0.18717604
0.23030416
0.754742097
2.110977704
2.60637604
1.100917138
0.892464559
0.677399002
0.53622629
0.588555075
0.509199334
0.465208652
0.403966722
0.445082196
2.118740765
2.521557404
1.630530449
1.138869884
0.789532113
0.566703494
0.449682529
0.382977704
0.315410316
0.282920466
0.267394343
0.209315141
0.234329451
0.244392679
0.233179368
0.215353078
0.17998802
0.1728
0.224553744
0.177687854
0.168487188
0.157273877
0.173087521
0.16561198
0.144910483
0.182000666
0.171074875
0.148073211
0.136572379
0.165036938
0.177112812
0.158136439
0.222253577
0.16187421
0.163886855
0.145198003
0.155548752
0.208165058
0.217653245
0.304197005
1.149795674
1.124206323
0.693787687
0.520412646
0.63714609
1.265954077
0.990221631
0.658997671
0.527313145
0.399366389
0.380390017
0.302759401
0.303046922
0.375502163
0.379527454
0.317422962
0.285795674
0.332949085
0.368026622
0.560378037
0.449395008
0.395341098
0.303046922
0.321160732
0.27343228
0.249855574
0.226278869
0.228866556
0.228003993
0.206152413
0.209890183
0.213627953
0.189763727
0.192063894
0.196664226
0.195801664
0.197239268
0.201264559
0.17998802
0.180563062
0.158999002
0.18372579
0.140022629
0.165899501
0.166187022
0.145485524
0.150660899
0.225991348
0.271132113
0.191776373
0.195801664
0.178837937
0.181138103
0.159286522
0.182575707
0.206152413
0.181713145
0.18343827
0.205577371
0.19436406
0.216215641
0.321160732
0.399366389
0.316272879
0.280045258
0.216215641
0.219090849
0.184875874
0.186600998
0.188038602
0.170499834
0.131397005
0.180850582
0.167624626
0.333236606
0.292983694
0.248130449
0.213915474
0.185450915
0.192926456
0.19436406
0.214202995
0.19436406
0.168487188
0.169924792
0.156123794
0.129959401
0.134559734
0.148648253
0.153536106
0.198964393
0.156411314
0.140885191
0.15468619
0.136284859
0.147210649
0.135134775
0.137147421
0.126221631
0.127946755
0.158136439
0.107245258
0.134559734
0.116158403
0.116158403
0.112133111
0.1009198
0.16906223
0.134272213
0.240367388
0.206727454
0.20155208
0.15842396
0.631395674
0.408854576
0.35623827
0.303621963
0.229729118
0.192638935
0.153248586
0.223978702
0.121333777
0.069004992
0.235767055
0.295571381
0.177975374
0.157561398
0.232316805
0.345887521
0.292408652
0.469808985
0.257043594
0.24841797
0.237204659
1.032199667
1.179985358
0.615294509
0.658997671
0.683724459
0.553765058
0.482747421
0.467221298
0.365726456
0.333236606
0.260493844
0.225991348
0.216790682
0.188901165
0.15468619
0.169924792
0.25905624
0.15842396
0.169924792
0.269119468
0.194076539
0.142322795
1.311382363
14.75700499
2.937887521
1.665607987
0.993384359
1.268829285
13.20525524
7.26852579
3.432998336
1.423515474
0.840998336
0.60120599
0.425243261
0.381252579
0.315122795
0.293558735
0.225991348
0.203564725
0.239792346
0.211615308
0.197814309
0.198389351
0.170212313
0.135422296
0.138297504
0.131972047
0.125359068
0.173087521
0.159574043
0.377227288
0.802183028
0.948243594
0.904540433
0.725127454
0.465496173
0.472684193
0.743528785
0.52213777
0.543989351
0.527025624
0.455720466
0.293558735
0.278032612
0.221391015
0.234616972
0.192351414
0.213627953
0.194939101
0.153248586
0.175387687
0.161299168
0.159574043
0.131972047
0.14031015
0.152961065
0.127659235
0.130246922
0.117596007
0.307934775
0.467508819
0.6262203
0.298159068
0.219953411
0.181138103
0.60465624
2.675381032
2.334381364
1.002872546
0.578491847
0.602931115
0.818284193
0.528175707
0.380390017
0.328923794
0.320585691
0.268544426
0.19436406
0.272857238
0.25186822
0.231741764
0.264806656
0.393328453
0.289533444
0.268831947
0.371476872
0.600343428
0.426105824
0.382690183
0.316272879
0.310809983
0.274007321
0.249280532
0.209027621
0.20528985
0.186025957
0.189188686
0.189763727
0.250430616
0.212190349
0.654109817
1.111842928
1.0008599
0.652672213
0.444794676
0.35623827
0.285795674
0.412592346
0.294133777
0.399366389
0.251293178
0.456583028
1.840995674
2.027596672
1.439041597
1.097466889
0.744391348
0.521562729
0.409717138
0.353363062
0.317710483
0.262218968
0.412592346
0.731740433
0.528463228
0.39246589
0.333811647
0.305059567
0.250718136
0.26279401
0.218803328
0.232604326
0.18343827
0.182575707
0.186313478
0.173950083
0.148935774
0.195801664
0.250143095
0.215065557
1.453417637
1.263078869
1.329208652
1.458305491
1.317132779
0.892464559
0.591717804
0.408854576
0.366876539
0.324323461
0.289820965
0.277457571
0.232891847
0.226278869
0.206439933
0.194076539
0.17653777
0.154398669
0.188326123
0.27717005
0.286083195
0.247555408
0.20528985
0.237204659
0.203277205
0.210177704
0.141172712
0.195226622
0.171074875
0.15497371
0.2446802
0.248993012
0.275444925
1.11960599
0.851924126
0.567278536
0.677974043
1.035074875
2.351345092
2.399361065
1.765377704
1.614716805
1.08711614
0.671936106
0.525012978
0.451695175
0.361701165
0.284645591
0.313685191
0.818859235
1.165609318
0.816559068
0.744678869
0.648646922
0.524725458
0.422080532
0.343874875
0.316272879
0.279470216
0.278895175
0.230591681
0.221391015
0.224553744
0.215353078
0.185450915
0.198676872
0.168774709
0.164749418
0.152386023
0.236054576
0.172512479
0.127084193
0.214490516
0.113570715
0.14031015
0.179700499
0.166474542
0.140597671
0.173662562
0.185450915
0.148648253
0.170212313
0.156123794
0.160436606
0.145198003
0.194651581
0.229729118
0.24841797
0.260781364
0.193789018
0.173375042
0.171937438
0.189476206
0.153536106
0.159574043
0.133984692
0.15842396
0.145198003
0.123633943
0.157561398
0.124208985
0.120758735
0.129959401
0.122196339
0.163024293
0.156698835
0.15497371
0.142035275
0.194076539
0.21247787
0.166474542
0.299884193
0.293846256
0.246692845
0.21966589
0.254168386
0.192351414
0.193213977
0.186600998
0.158711481
0.221966057
0.241804992
0.229154077
0.222253577
0.216503161
0.251580699
0.195801664
0.19062629
0.200401997
0.34186223
0.492235607
0.338699501
0.275157404
0.260781364
0.223691181
0.760204992
1.415177371
1.014948419
0.67682396
0.485622629
0.436169052
0.533638602
0.646059235
0.492523128
0.395628619
0.343299834
0.314260233
0.317135441
0.253880865
0.23404193
0.23404193
0.217940765
0.191201331
0.214778037
0.92869218
0.807933444
0.509774376
0.411442263
0.430993677
0.390453245
0.310234942
0.320585691
0.285220632
0.258768719
0.315985358
0.28435807
0.268831947
0.242667554
1.185735774
0.822884526
0.488497837
0.367451581
0.311385025
0.299596672
0.305059567
0.263656572
0.228291514
0.317998003
0.372339434
0.340137105
0.343299834
0.307647255
0.286658236
0.258481198
0.225128785
0.228866556
0.198964393
0.209315141
0.188038602
0.171649917
0.1728
0.181138103
0.14749817
0.158136439
0.134847255
0.135709817
0.107245258
0.126509151
0.128234276
0.192926456
0.596605657
0.944793344
0.459170715
0.380390017
0.416330116
0.533926123
0.483034942
3.254160399
2.507181364
2.077912812
3.460312812
4.822873877
2.453127454
3.477851581
1.962329451
0.939330449
0.638296173
0.464633611
0.376939767
0.311672546
0.268256905
0.243530116
0.232604326
0.177687854
0.195801664
0.193213977
0.169637271
0.193501498
0.134559734
0.171074875
0.143185358
0.525012978
0.177975374
0.179700499
0.238067221
0.152961065
0.119321131
0.14404792
0.083956073
0.156123794
0.117596007
0.108970383
0.095456905
0.113858236
0.115870882
0.128521797
0.07935574
0.131397005
0.114145757
0.11529584
0.101207321
0.112708153
0.120758735
0.096031947
0.11874609
0.114145757
0.076480532
0.14749817
0.063542097
0.12248386
0.09718203
0.133984692
0.087981364
0.117883527
0.091719135
0.135422296
0.234329451
0.506324126
0.393328453
0.547727121
0.23749218
0.240079867
0.264519135
0.398503827
0.711326456
0.397066223
0.28809584
0.236054576
0.219090849
0.193501498
0.190051248
0.18372579
0.140022629
0.141172712
0.134272213
0.140885191
0.287233278
0.699538103
1.160146423
0.635133444
0.415180033
0.300459235
0.246405324
0.220240932
0.198964393
2.824604326
6.4585797
1.941627953
1.197236606
0.719664559
0.495973378
0.383265225
0.308222296
0.26998203
0.207302496
0.224841265
0.313685191
0.242380033
0.264806656
0.250718136
0.24496772
0.291258569
1.056063894
0.677399002
0.394478536
0.33467421
0.251293178
0.199826955
0.249855574
0.70902629
0.462908486
0.543126789
3.788086522
2.374921797
1.380962396
0.804770715
0.5543401
0.407416972
0.538526456
1.237489517
1.649219301
1.001722463
0.605231281
0.44997005
0.316272879
0.292408652
0.270844592
0.195226622
0.234904493
0.197526789
0.157273877
0.200977038
0.144335441
0.168487188
0.182863228
0.126221631
0.155261231
0.131109484
0.168487188
0.16934975
0.35278802
0.361413644
0.277457571
0.227141431
0.178262895
0.382402662
1.618742097
1.242952413
1.071014975
0.80994609
0.499136106
0.422943095
0.826047255
2.247262562
2.010345424
1.085391015
0.674236273
0.519262562
1.033637271
0.923804326
0.739791015
0.961757072
1.968654908
2.84386822
6.08048985
3.141164725
1.336684193
0.806208319
0.539389018
0.405404326
0.379239933
0.298446589
0.2446802
0.348475208
0.353938103
0.801320466
0.686024626
0.610406656
0.639158735
0.529900832
0.412304825
0.344162396
0.311385025
0.301034276
0.245542762
0.198676872
0.205002329
0.226566389
0.189476206
0.228866556
0.154111148
0.181713145
0.158999002
0.143472879
0.163599334
0.158136439
0.152098502
0.142897837
0.171074875
0.141460233
0.152961065
0.140885191
0.128521797
0.146060566
0.135422296
0.139160067
0.148360732
0.120758735
0.149510815
0.153536106
0.154398669
0.157273877
0.138585025
0.127084193
0.156986356
0.150373378
0.182288186
0.366589018
0.60465624
0.362563727
0.400228952
0.584529784
0.43559401
0.357963394
0.357963394
0.325186023
0.33496173
0.337261897
0.275732446
0.283207987
0.302759401
0.533926123
0.959744426
2.629090183
1.650656905
0.949106156
3.126501165
4.264796007
1.922939101
0.926679534
0.629095507
0.438469218
0.357100832
0.274869884
0.293558735
0.221103494
0.228003993
0.209027621
0.228866556
0.170212313
0.186888519
0.167912146
0.166187022
0.146348087
0.150660899
0.157848918
0.173662562
0.143185358
0.148360732
0.326336106
0.781481531
0.497698502
0.322023295
0.734040599
0.75962995
0.516674875
0.362851248
0.351062895
0.298446589
0.242380033
0.235767055
0.235767055
0.2087401
0.211040266
0.200689517
0.178837937
0.223978702
0.228866556
0.360263561
0.329211314
0.275444925
0.35278802
0.439906822
0.57245391
1.485907488
1.556925125
0.977283195
1.638293511
1.043700499
0.79930782
0.580792013
1.192923794
1.059226622
0.699825624
0.476997005
0.421505491
0.515524792
0.424380699
0.397928785
0.323460899
0.292696173
0.245542762
0.26653178
0.26624426
0.233754409
0.211902829
0.206152413
0.233466889
0.216503161
0.141747754
0.144335441
0.135709817
0.297296506
0.238354742
0.198676872
0.522425291
0.377802329
0.29154609
0.2377797
0.240079867
0.220240932
0.189476206
0.243242596
0.162736772
0.161011647
0.178837937
0.125646589
0.188038602
0.140597671
0.157561398
0.278320133
5.674510483
3.331503494
1.087978702
0.895627288
1.107530116
0.749854243
0.77745624
0.963194676
1.181710483
1.421215308
1.141745092
0.749854243
0.552614975
0.4174802
0.470384027
0.525012978
0.381252579
0.718801997
1.369174043
1.55893777
0.970957737
0.678836606
0.579929451
0.510636938
0.430706156
0.40310416
0.415755075
0.749854243
1.027311814
0.593730449
0.481022296
0.404829285
0.293558735
0.267106822
0.268256905
0.242667554
0.207590017
0.215640599
0.189763727
0.209315141
0.278032612
0.462620965
0.302184359
0.191488852
0.188613644
0.200977038
0.162449251
0.18343827
0.234904493
1.357673211
7.229998003
5.081930116
2.21391015
2.24266223
1.195799002
0.913741098
1.106955075
0.809658569
0.532200998
0.420930449
0.373201997
0.343299834
0.366301498
0.240942429
0.232604326
0.222828619
0.209890183
0.177112812
0.186888519
0.155836273
0.168199667
0.261356406
0.184875874
0.204427288
0.135997338
0.139735108
0.141747754
0.113858236
0.179412978
0.132259567
0.155548752
0.210177704
0.21247787
0.155548752
0.112420632
0.103795008
0.119321131
0.101782363
0.121908819
0.114433278
0.750141764
5.669047587
1.22771381
0.588267554
0.394766057
0.312247587
0.856236938
0.983608652
0.642033943
0.639158735
0.447957404
0.362276206
0.76336772
25.45364126
20.69057171
2.986478536
1.423515474
1.046000666
0.864
0.820296839
0.926967055
0.768543095
0.526738103
0.48591015
0.383265225
0.368314143
0.26998203
0.297296506
0.690337438
1.746688852
2.073024958
13.96028486
17.04854576
4.141162063
1.667908153
1.435303827
1.156121131
0.788957072
0.642896506
0.546577038
0.402241597
0.3815401
0.381252579
1.295281198
2.329781032
1.504021298
2.671930782
4.574743428
2.142604992
1.359685857
0.814833943
0.622482529
0.787519468
1.187173378
0.740078536
0.594593012
0.483322463
0.404541764
0.401379035
0.340999667
0.319435607
0.30592213
0.280045258
0.288670882
0.263944093
0.232029285
0.278607654
0.245542762
1.385562729
5.984170383
2.230298835
0.976708153
0.740078536
0.659860233
0.930704825
14.93153012
4.933569384
2.287802995
1.451980033
1.01868619
0.879238602
0.62650782
0.503736439
0.313685191
0.285508153
0.228866556
0.293558735
0.222541098
0.385565391
0.267106822
0.218515807
0.238642263
0.238642263
0.153536106
0.981596007
0.734040599
0.553190017
0.731452912
0.882401331
1.464343428
0.78464426
0.482747421
0.369464226
0.39965391
0.698675541
0.523575374
0.47527188
0.524437937
0.700113145
0.672798669
0.467796339
0.393040932
0.355663228
0.418342762
10.83579634
18.80817304
3.275436938
1.568713478
1.157846256
1.580789351
1.09804193
0.696087854
0.564978369
0.440194343
0.39246589
0.308222296
0.299884193
0.252730782
0.257043594
0.212765391
0.240079867
0.276019967
0.232891847
0.258193677
0.244105158
0.249568053
0.440481864
0.516387354
0.632545757
1.041687854
0.808220965
0.60120599
0.536801331
0.451407654
0.341574709
0.379527454
0.301609318
0.328061231
0.289820965
0.305059567
0.418055241
0.57245391
0.715926789
0.833810316
0.776593677
1.401663894
2.119028286
1.669345757
1.075040266
0.602356073
0.478147088
0.360838602
0.353650582
0.355375707
0.29873411
0.354513145
0.286370715
0.257906156
0.258193677
0.285220632
0.260206323
0.211040266
0.279470216
0.386140433
0.368026622
0.368026622
0.397066223
0.532200998
0.569003661
0.481597338
0.408567055
0.350487854
0.338124459
0.307072213
0.255030948
0.296146423
0.419780366
0.438469218
1.34991015
1.033637271
0.626795341
0.482172379
0.652672213
1.815118802
2.331506156
2.312242263
2.339556739
1.603791015
1.157271215
2.489642596
3.638863228
6.146907155
4.583656572
2.668768053
3.695217304
4.173364393
2.866869884
1.46520599
1.019836273
0.84588619
0.728577704
0.64433411
0.474409318
0.406266889
0.509774376
1.164459235
0.822884526
0.631395674
0.543126789
0.471246589
0.413167388
0.3096599
0.364288852
0.253880865
0.284070549
0.46089584
0.323173378
0.247842928
0.209027621
0.2806203
0.210177704
0.495398336
0.91431614
1.367448918
2.668768053
3.695217304
4.173364393
2.866869884
1.46520599
1.019836273
0.84588619
0.728577704
0.64433411
0.474409318
0.406266889
0.509774376
1.164459235
0.822884526
0.631395674
0.543126789
0.471246589
0.413167388
0.3096599
0.364288852
0.253880865
0.284070549
0.46089584
0.323173378
0.247842928
0.209027621
0.2806203
0.210177704
0.495398336
0.91431614
1.367448918
0.162736772
1.862559734
9.150636938
1.626792679
0.937030283
0.818571714
0.663885524
0.445657238
0.546577038
1.520122463
1.339559401
1.932427288
3.338403993
2.251000333
2.968652246
2.397923461
1.575613977
2.80447787
2.978715474
1.53708619
1.091428952
0.851061564
1.016961065
1.608678869
1.257615973
1.178547754
1.416902496
1.339846922
1.823744426
3.165028952
1.721962063
1.531048253
1.002585025
1.345884859
1.221963394
0.775156073
0.564115807
0.430131115
0.353363062
0.354513145
0.278032612
0.347325125
0.560953078
1.583664559
2.022708819
1.172222296
1.211900166
1.823744426
1.561812978
0.908278203
0.621332446
0.484472546
0.359113478
0.426680865
0.351350416
0.271707155
0.260781364
0.271132113
0.211902829
0.229154077
0.195801664
0.202702163
0.179700499
0.148935774
0.194651581
0.164749418
0.153248586
0.15497371
0.213915474
0.142610316
0.143760399
0.165899501
0.11529584
0.150373378
0.133697171
0.108682862
0.155836273
2.766237604
24.59999201
7.835516805
2.679406323
1.372911814
0.945655907
0.79183228
0.653822296
0.562965724
0.39246589
0.388440599
0.36371381
0.281770383
0.325473544
0.293271215
0.177112812
0.292696173
0.233754409
5.7024
20.49793278
3.782911148
1.608103827
1.061239268
0.807933444
0.690337438
0.634270882
1.437316473
3.102349418
1.525297837
1.007472879
0.780906489
0.638296173
0.569578702
0.810233611
1.17711015
0.994246922
0.823459567
0.656985025
1.36802396
2.430700832
1.389012978
0.750141764
0.549739767
0.493385691
0.555202662
6.495669884
22.1848173
5.161860899
1.779466223
1.187748419
0.963482196
0.773430948
0.69465025
0.606381364
0.52185025
0.80994609
4.850763394
1.652957072
0.942780699
0.660722795
0.570728785
0.488785358
0.452845258
0.399078869
0.377802329
0.322598336
0.346462562
3.440761398
8.431547421
6.116717471
2.173369717
1.327196007
1.011785691
0.761355075
0.652384692
0.647784359
0.721677205
6.654668885
2.196371381
1.162159068
0.757329784
0.643471547
0.625932779
7.218497171
3.68630416
2.713621298
1.734612978
1.228576373
1.635993344
1.185160732
1.113568053
0.904540433
0.714776705
0.688612313
0.605231281
0.583954742
0.525875541
0.641458902
0.560378037
0.526450582
0.888151747
0.918341431
1.011210649
0.862274875
1.303619301
1.941915474
1.358248253
0.817996672
0.523000333
0.440481864
0.34933777
0.328061231
0.290108486
0.293846256
0.236917138
0.263369052
0.208165058
0.211327787
0.567853577
0.453995341
0.347325125
0.959169384
1.158708819
0.801032945
0.663885524
0.582804659
0.605518802
0.671936106
1.095454243
1.554049917
1.136857238
0.713051581
0.486197671
0.425530782
0.474696839
0.355375707
0.316560399
0.328923794
0.293846256
0.267106822
0.385852912
0.269119468
0.236629617
0.32029817
0.743816306
1.193786356
0.776881198
0.73806589
1.412877205
0.840135774
0.726565058
0.66963594
0.542551747
0.450545092
0.364288852
0.425243261
0.512937105
0.565553411
0.474121797
0.437606656
0.376077205
0.328636273
0.282057903
0.330936439
0.518687521
0.535651248
0.491660566
0.4534203
0.40310416
0.377514809
0.343587354
0.692062562
0.77055574
0.684587022
0.558365391
0.617019634
2.485042263
7.814240266
2.271414309
1.237777038
0.876938436
0.814833943
0.673661231
0.607818968
0.519262562
0.494535774
0.462908486
0.759917471
1.525872879
1.814831281
1.725699834
1.852496506
1.408564393
1.212762729
1.437028952
1.413164725
1.118455907
0.827484859
0.685737105
0.661872879
1.015523461
1.093441597
0.828634942
0.593155408
0.508624293
0.509774376
0.459745757
0.415180033
0.396491181
0.355663228
0.340712146
0.265956739
0.236054576
0.316272879
0.692925125
1.052613644
0.661585358
0.522425291
0.412017304
0.441631947
0.498273544
0.537376373
0.555202662
1.045713145
1.268541764
1.880961065
1.406839268
0.929267221
0.621044925
0.479872213
0.45370782
0.343587354
0.316560399
0.290683527
0.290971048
0.2377797
0.267681864
0.35278802
0.404541764
0.377227288
0.307934775
0.328636273
0.249855574
0.249855574
0.307072213
0.228579035
0.353363062
0.707876206
1.836970383
1.245827621
0.905690516
2.849618636
2.177107488
1.1086802
0.688324792
0.545714476
0.455432945
0.402816639
0.351350416
0.310522463
0.228291514
0.267969384
0.233179368
0.198389351
0.232316805
0.386715474
0.375789684
0.217078203
0.219378369
0.301609318
0.809658569
1.314257571
0.886139101
0.593155408
0.457445591
0.310809983
0.325186023
0.300171714
0.303334443
0.440769384
0.329211314
0.662160399
0.619607321
2.009482862
1.4473797
0.938180366
0.669060899
1.43990416
1.270554409
0.880388686
0.562965724
0.483897504
0.427830948
0.37435208
0.293558735
0.292983694
0.267106822
0.268544426
0.293271215
0.347612646
0.804770715
0.836973045
3.049445591
2.930124459
1.109542762
0.702413311
0.553477537
0.721389684
2.388147754
2.541108819
1.449967388
0.754454576
0.560665557
0.748416639
1.326620965
3.213044925
2.334956406
1.351347754
1.081940765
0.813108819
0.5833797
0.561240599
0.617594676
1.221100832
0.974407987
3.60723594
4.980435275
2.276589684
1.316270216
0.910003328
0.60465624
0.466358735
0.411729784
0.348475208
0.378377371
0.459745757
0.322023295
0.296721464
0.444794676
0.436456572
0.530763394
0.382402662
0.28090782
0.255030948
0.228579035
0.20155208
0.223978702
0.175962729
0.177975374
0.173375042
0.173087521
0.200114476
0.147785691
0.152961065
0.136572379
0.165324459
0.282920466
0.283495507
0.429843594
4.883828286
3.269974043
1.476706822
1.041687854
0.824034609
0.60839401
0.44278203
0.361413644
0.418917804
0.387578037
0.369464226
0.4824599
0.548877205
0.642608985
0.491948087
0.411442263
0.331511481
0.279470216
0.260206323
0.229441597
0.204427288
0.17625025
0.308222296
0.232604326
0.182863228
0.253880865
0.441344426
3.468938436
1.647781697
0.931854908
0.592867887
0.435018968
0.357100832
0.30592213
0.254743428
0.247267887
1.508046589
0.853649251
0.48591015
0.357675874
0.357675874
0.461758403
0.566128453
0.438469218
0.334099168
0.933580033
0.592292845
0.384990349
0.312535108
0.254168386
0.232891847
0.207014975
0.199539434
0.261643927
0.365726456
0.597180699
0.390453245
1.010348087
3.413446922
10.03993877
7.118439933
2.688606988
1.598040599
1.399076206
1.687459567
6.848745424
3.097461564
1.54082396
0.948531115
0.70183827
0.569866223
1.038525125
1.609828952
1.037375042
0.778031281
0.57590416
0.487347754
0.403391681
0.741228619
0.891601997
0.603793677
0.494248253
0.43933178
0.328636273
0.300459235
0.272569717
0.27717005
0.252443261
0.256756073
0.260493844
0.264806656
0.213052912
0.248705491
0.187463561
0.163024293
0.187463561
0.233179368
0.151523461
0.165036938
0.177112812
0.150660899
0.158711481
0.257618636
0.339562063
0.168487188
0.222541098
0.373201997
0.45370782
0.388153078
0.332949085
0.455145424
0.556927787
0.691775042
0.559802995
0.4534203
0.386140433
0.293271215
0.264519135
0.228291514
0.206152413
0.191488852
0.208165058
0.171649917
0.175100166
0.16187421
0.191201331
0.368314143
0.254743428
0.39591614
0.48591015
0.377227288
0.421793012
0.630533111
0.529900832
0.369751747
0.317422962
0.356813311
0.292408652
0.543414309
0.779181364
0.7630802
0.661010316
0.683436938
0.88556406
0.927542097
1.253590682
1.104079867
0.861987354
0.575329118
0.451982696
0.452557737
0.410004659
0.355088186
0.436169052
0.761642596
1.794992346
3.49912812
1.897924792
0.927542097
0.762505158
2.448527121
3.050308153
1.418627621
0.864575042
0.619894842
0.478434609
0.351062895
0.332086522
0.397066223
0.473259235
0.368026622
0.485047587
0.836398003
0.543414309
0.807070882
1.30678203
1.10149218
0.807933444
0.596893178
0.512937105
0.422368053
0.362276206
0.333811647
0.333524126
0.658422629
0.745828952
0.628807987
0.5833797
0.688612313
1.488495175
2.809365724
1.754739434
1.305631947
1.390450582
1.077340433
0.813108819
0.68774975
0.539101498
0.570728785
0.451120133
0.392753411
0.395628619
0.338987022
0.311672546
0.285220632
0.258193677
0.262218968
0.264231614
0.2377797
0.242667554
0.217078203
0.221391015
0.226566389
0.200977038
0.23404193
0.181713145
0.213052912
0.218228286
0.19436406
0.171937438
0.28809584
0.235192013
0.37808985
0.333811647
0.389590682
0.335249251
0.255030948
0.487635275
0.312535108
0.287808319
0.290396007
0.266819301
0.214490516
0.241804992
0.189476206
0.813971381
0.679411647
1.513797005
2.112702829
2.245249917
1.514372047
1.173372379
0.913166057
0.766242928
0.599480865
0.46808386
0.438756739
0.412304825
0.386140433
0.466071215
0.520125125
0.493673211
0.466358735
0.39246589
0.413167388
0.929842263
0.635133444
0.523287854
0.389878203
0.363138769
0.311097504
0.284933111
0.287233278
0.366013977
0.710463894
0.710463894
0.578204326
0.552039933
0.525012978
0.710751414
0.736915807
1.042550416
1.361123461
0.906840599
0.667910815
0.534213644
0.487635275
0.426680865
0.264231614
0.870612978
0.52932579
0.397353744
0.37090183
0.291258569
0.317710483
0.29154609
0.238354742
0.211902829
0.212190349
0.225991348
0.288958403
0.39591614
0.355375707
0.26653178
0.240654908
0.242380033
0.328636273
0.567566057
0.316560399
0.214202995
0.223691181
0.22685391
0.161011647
0.181138103
0.182863228
0.206152413
0.164749418
0.186888519
0.169924792
0.242092512
0.426105824
0.433006323
0.487347754
0.459458236
0.46434609
0.381252579
0.309372379
0.308222296
0.359113478
0.651809651
0.539389018
0.631395674
0.75589218
0.883551414
0.556065225
0.855086855
2.069287188
1.312244925
2.139154742
4.256170383
5.441043594
5.986470549
2.687744426
2.761924792
1.351060233
1.718799334
1.441916805
3.15007787
2.320005324
1.860259567
1.74611381
1.407414309
1.022136439
0.6912
0.551752413
0.466646256
0.495685857
0.467508819
0.553477537
0.826334775
0.608969052
0.468946423
0.385852912
0.330648918
0.303334443
0.278320133
0.335536772
0.336111814
0.283207987
0.229729118
0.231454243
0.317998003
0.237204659
0.238354742
0.186313478
0.297296506
0.353650582
0.518687521
0.366013977
0.323460899
0.250430616
0.198389351
0.200977038
0.153823627
0.151523461
0.140022629
0.156986356
0.131684526
0.132834609
0.134272213
0.110407987
0.138009983
0.109545424
0.155548752
0.116733444
0.134559734
0.120471215
0.149223295
0.124208985
0.091144093
0.59746822
3.702405324
3.393607987
1.29614376
0.669923461
0.537376373
0.430706156
0.670786023
0.911153411
0.629670549
3.401658569
14.92462962
9.390716805
2.441914143
1.77112812
1.892174376
1.687747088
1.230013977
0.982171048
0.996834609
0.840710815
0.6912
0.629670549
0.598905824
0.541401664
0.298446589
0.624782696
0.51466223
0.487347754
1.891599334
2.263076206
1.128231614
0.758192346
0.53651381
0.425818303
0.371476872
0.344162396
0.291833611
0.293846256
0.268544426
0.215065557
0.820296839
12.80157604
5.412003993
2.168194343
1.538811314
4.405393677
9.572142429
9.121884859
3.201544093
1.496545757
1.052613644
0.88556406
0.840710815
1.829207321
2.244962396
1.411727121
1.129669218
1.188898502
2.173944759
36.04073211
10.03102562
2.880958403
1.773715807
1.574463894
1.312819967
1.148645591
1.535073544
1.368311481
1.290968386
1.044275541
0.901665225
0.807933444
0.686887188
0.654397338
0.357963394
0.333524126
0.334386689
0.391603328
0.344449917
0.556065225
0.567566057
0.43214376
0.34933777
0.377802329
1.010348087
2.982453245
3.173654576
1.639156073
1.150945757
1.265954077
4.252145092
2.904535108
2.731735108
2.220810649
1.708736106
1.26365391
0.940193012
0.732890516
0.585967388
0.498561065
0.473546755
0.486197671
0.511787022
0.776881198
0.983321131
0.84588619
0.947956073
2.039960067
1.894187022
2.486192346
8.158690183
11.69835874
5.11557005
2.174807321
1.328058569
1.00431015
0.632545757
0.59746822
0.640596339
0.375214642
0.399941431
0.345312479
0.472684193
0.289820965
0.284070549
0.222541098
0.246692845
0.22311614
0.481022296
0.202127121
0.191201331
0.194939101
0.192926456
0.225416306
0.19810183
0.196951747
0.198389351
0.247555408
0.403679201
0.491085524
0.490510483
0.40684193
0.352212978
0.328348752
0.233754409
0.228291514
0.205864892
0.18343827
0.184300832
0.216215641
0.236917138
0.2446802
0.195801664
0.190338769
0.218515807
0.164461897
0.184875874
0.186600998
0.205864892
0.442206988
0.722252246
0.707876206
0.859112146
0.689762396
1.343009651
0.946518469
0.604081198
0.467508819
0.432718802
0.575041597
0.603793677
1.079640599
1.629380366
1.083378369
0.876075874
0.633983361
0.970095175
1.319432945
1.089703827
0.880388686
0.886426622
1.635705824
1.845020965
2.068999667
2.321442928
2.875783028
1.924664226
1.401376373
1.410864559
1.378087188
1.064689517
0.858537105
0.747266556
0.691487521
2.347894842
2.301028952
1.554624958
1.081653245
0.803333111
0.719664559
0.691775042
0.608681531
0.581942097
0.554627621
0.472971714
0.419492845
0.447957404
0.316272879
0.29154609
0.238067221
0.238067221
0.211615308
0.211327787
0.264806656
0.23749218
0.318860566
0.317998003
0.29154609
0.344737438
0.265094176
0.264806656
0.265381697
0.238642263
0.370614309
0.396203661
0.29154609
0.265669218
0.265669218
0.368601664
0.3456
0.23749218
0.26624426
0.242380033
0.213915474
0.188613644
0.322023295
0.650084526
1.840708153
1.098904493
0.76336772
0.581367055
0.476134443
0.423805657
0.344737438
0.317998003
0.317710483
0.291258569
0.238642263
0.238354742
0.238354742
0.238929784
0.185738436
0.238642263
0.447957404
0.290396007
0.264806656
0.711038935
1.477569384
1.755314476
0.910578369
0.616157072
0.429268552
0.401666556
0.319435607
0.337261897
0.552327454
0.696950416
0.656409983
0.490798003
0.391890849
0.368601664
0.476134443
0.461470882
0.901377704
0.845023627
0.605231281
0.503736439
0.44623228
0.366013977
0.341574709
0.332949085
0.26653178
0.268256905
0.218803328
0.225703827
0.255030948
0.231454243
0.209027621
0.627370383
0.368026622
0.525875541
2.195508819
1.622192346
0.985046256
0.706151082
0.595168053
0.675673877
1.14835807
0.83524792
0.677686522
0.756754742
0.704425957
0.575041597
0.472396672
0.50028619
0.516387354
0.437894176
0.416617637
0.29154609
0.293846256
3.519542097
2.0086203
1.014085857
1.705860899
1.521560067
1.737775707
1.979580699
0.933004992
0.660147754
0.500861231
0.486485191
0.510061897
0.463196007
0.407129451
0.34186223
0.927829617
1.19177371
1.19148619
0.891026955
0.543126789
0.448244925
0.387002995
0.33841198
0.290108486
0.27717005
0.273144759
0.35652579
0.462333444
0.326336106
0.277457571
0.228003993
0.207877537
0.211327787
0.190338769
0.569003661
1.146632945
0.823747088
0.520987687
0.398791348
0.394191015
0.336974376
0.289820965
0.219953411
0.262506489
1.091428952
14.82140965
3.953986023
1.657557404
0.936742762
0.688324792
0.643471547
0.590855241
0.513799667
0.371764393
0.354800666
0.25560599
0.229729118
0.3096599
0.262218968
0.466071215
0.400228952
0.279470216
0.257906156
0.236629617
0.263081531
0.481597338
0.333524126
0.214490516
0.219090849
0.182000666
0.174237604
0.273144759
0.274294842
0.179700499
0.16187421
0.16187421
0.139447587
0.142322795
0.150948419
0.125359068
0.142322795
0.178550416
0.180563062
0.244392679
0.156986356
0.151810982
0.12593411
0.114145757
0.194939101
0.523000333
0.53996406
3.775723128
22.90419434
38.47172047
11.52613378
2.684869218
1.414314809
1.008335441
0.839848253
0.698100499
0.627082862
0.670786023
0.60494376
0.514087188
0.516387354
0.46089584
1.834670216
29.03500033
10.68082263
3.541968719
1.835532779
1.217075541
0.927254576
0.765667887
1.075327787
1.436741431
2.375496839
1.734037937
1.705860899
1.711323794
1.946228286
1.225701165
0.921791681
0.82432213
0.871763062
1.118455907
1.352497837
0.974120466
0.815696506
0.568141098
0.468658902
0.418055241
0.386715474
0.380965058
1.528173045
0.830072546
0.68774975
0.74525391
0.584817304
0.475559401
0.394191015
0.328348752
0.35623827
0.328348752
0.410867221
1.867447587
0.657272546
0.463771048
1.515809651
5.693486855
2.720809318
2.576186356
2.151518136
1.58050183
1.701548087
1.192923794
0.912878536
0.707013644
0.496548419
0.461470882
0.413167388
0.35997604
0.425243261
0.396203661
0.396778702
0.310522463
0.339849584
0.306784692
0.290396007
0.253018303
0.253305824
0.230591681
0.22685391
0.198676872
0.186888519
0.221103494
0.172224958
0.160724126
0.195801664
0.202414642
0.171074875
0.148648253
0.163599334
0.158999002
0.17625025
0.167912146
0.16216173
0.135134775
0.173662562
0.14749817
0.167624626
0.142897837
0.308797338
0.326336106
0.274007321
0.256181032
0.201264559
0.202414642
0.195801664
0.237204659
0.813108819
1.395338436
0.852786689
0.509486855
0.407129451
0.324323461
0.896202329
3.824314143
3.039957404
2.223110815
1.393613311
0.903390349
0.639446256
0.491373045
0.404541764
0.348475208
0.320585691
0.294421298
0.266819301
0.240654908
0.243242596
0.289245923
0.309372379
0.220815973
0.335824293
0.421793012
0.373777038
0.368314143
0.537088852
0.789244592
0.563828286
0.537951414
0.399078869
0.344449917
0.326336106
0.272569717
0.264519135
0.25905624
0.400803993
1.19896173
0.948818636
0.700975707
0.506899168
0.433293844
0.334099168
0.324898502
0.270844592
0.235479534
0.245830283
0.297584027
0.469808985
0.532488519
0.540826622
0.40684193
0.343874875
0.291833611
0.278607654
0.261643927
0.236054576
0.25560599
0.203852246
0.233179368
0.261931448
0.269406988
0.265094176
0.294996339
0.468658902
1.497120799
1.399076206
1.757039601
1.366873877
0.883551414
0.670786023
0.531338436
0.527025624
0.394191015
0.343299834
0.329498835
0.270557072
0.272569717
0.233754409
0.214490516
0.284645591
0.226278869
0.510349418
0.324898502
0.303046922
0.252730782
0.255318469
0.434443927
0.398216306
0.42495574
0.382977704
0.343012313
0.317998003
0.286658236
0.253880865
0.29528386
0.302184359
0.294708819
0.269694509
0.271419634
0.247842928
0.219378369
0.218803328
0.272282196
0.196376705
0.250143095
0.44278203
0.494248253
0.471246589
1.234326789
2.833804992
1.622192346
1.118168386
0.8280599
0.592867887
0.565840932
0.387002995
0.308509817
0.301609318
0.255318469
0.265381697
0.255030948
0.239217304
0.2446802
0.208452579
0.166474542
0.198964393
0.156986356
0.15497371
0.180275541
0.163886855
0.167912146
0.148360732
0.153248586
0.159861564
0.16561198
0.26998203
0.26998203
0.179700499
0.184013311
0.326623627
0.120183694
0.309084859
0.191488852
0.140885191
0.167912146
0.308222296
0.184875874
0.185738436
0.163599334
0.144335441
0.150085857
0.182863228
0.136572379
1.520697504
1.913450915
0.686599667
0.430706156
0.32029817
0.272569717
0.236342097
0.295858902
0.504311481
0.711613977
0.826622296
1.595165391
1.528748087
0.805920799
0.54370183
0.70902629
0.684874542
0.472684193
0.377514809
0.355088186
0.378952413
0.661585358
0.566991015
1.016961065
0.826909817
0.494535774
0.352212978
0.281770383
0.258481198
0.23749218
0.286083195
0.3096599
0.241804992
0.218803328
0.181425624
0.179412978
0.171649917
0.134847255
0.166474542
0.91805391
1.127081531
0.559227953
0.40684193
0.343874875
0.698963062
0.560953078
0.447094842
0.331799002
0.293846256
0.254743428
0.265381697
0.335536772
0.354225624
0.332086522
0.286945757
0.262506489
0.2087401
0.173375042
0.18343827
0.239792346
0.219378369
0.317422962
0.36716406
2.969802329
13.40824493
9.948507155
3.100624293
1.662157737
1.081078203
1.294706156
1.168484526
0.719377038
0.58309218
0.479297171
0.403966722
0.356813311
0.312822629
0.286658236
0.292408652
0.199251913
0.248130449
0.200401997
0.165324459
0.227141431
0.124208985
0.167337105
0.145773045
0.174237604
0.152673544
0.131397005
0.25934376
0.533063561
0.50776173
0.360551082
0.238929784
0.191488852
0.192638935
0.170499834
0.172512479
0.271994676
0.200689517
0.951693844
0.826334775
0.465496173
0.344737438
0.2737198
0.226278869
0.228579035
0.205864892
0.189763727
0.165899501
0.170212313
0.239792346
0.171074875
0.173950083
0.573316473
1.253590682
10.55546356
2.281477537
1.261066223
0.9289797
0.898502496
2.322593012
12.72135774
9.199515474
4.271984027
1.975267887
1.242377371
1.196949085
4.672500499
5.091705824
3.107812313
2.394185691
2.057786356
1.56612579
1.22397604
0.949393677
0.761067554
0.639733777
0.578204326
0.87837604
15.83377038
5.035064226
3.450249584
1.650369384
1.125643927
0.843873544
0.682861897
0.67308619
0.606668885
0.627082862
0.66963594
0.483897504
0.399078869
0.343299834
0.286945757
0.286370715
0.260206323
0.231741764
0.233179368
0.206727454
0.207590017
0.54370183
0.599193344
0.487347754
0.347325125
0.593442928
1.525297837
1.585964725
1.334384027
1.562100499
1.394763394
1.541399002
1.724837271
1.055776373
1.062389351
0.744391348
0.709601331
0.591142762
0.534213644
0.416905158
0.389015641
0.340424626
0.271994676
0.301609318
0.212765391
0.245542762
0.201839601
0.217365724
0.205002329
0.191201331
0.79183228
0.637721131
0.563253245
0.834672879
0.776018636
1.430415973
1.494820632
1.11615574
0.822021963
0.588555075
0.50028619
0.383552745
0.32403594
0.324898502
0.296146423
0.325186023
0.737203328
0.647209318
0.529900832
0.470384027
